name,city,state,country,address,Longitude,Latitude,Municipalities,Website,
???? ????? ????????,??????????? ???????? ?????, Hrodna Region, Belarus,"?41 ??????????? ???????? ?????, Grodno District, Hrodna Region, 231753 Belarus",24.220960285778,53.683671961048, Grodno District,,
Zalieskija mohilki,Smarhon District, Hrodzyenskaya Voblasts�, Belarus,"?6138 Smarhon District, Hrodzyenskaya Voblasts� Belarus",26.531414,54.418034,,,
???????? ????????,???????????? ???????? ?????, Hrodna Region, Belarus,"?6976 ???????????? ???????? ?????, Grodno District, Hrodna Region, 231733 Belarus",23.64067408743,53.827259126876, Grodno District,,
?????????,?????????, Hrodzyenskaya Voblasts�, Belarus,"?????????, Navahrudak District, Hrodzyenskaya Voblasts� Belarus",25.902392,53.763851, Navahrudak District,,
???????? ?.???????,????????????? ???????? ?????, Mahilyow Region, Belarus,"????????? - ??????? ????????????? ???????? ?????, Krychaw District, Mahilyow Region Belarus",31.796667,53.676111, Krychaw District,,
????????,????????????? ???????? ?????, Mahilyow Region, Belarus,"?43 ????????????? ???????? ?????, Klimavichy District, Mahilyow Region Belarus",31.896502075476,53.707440223989, Klimavichy District,,
???????? (???? 1-?),???????????? ???????? ?????, Mahilyow Region, Belarus,"???????????? ???????? ?????, Krychaw District, Mahilyow Region Belarus",31.702222,53.79, Krychaw District,,
?????????? ?????? ????????,???????????? ???????? ?????, Mahilyow Region, Belarus,"???????????? ???????? ?????, Krychaw District, Mahilyow Region, 213492 Belarus",31.696389,53.762222, Krychaw District,,
????????? ????????,Krychaw, Mahilyow Region, Belarus,"15 ????????? ???????? Krychaw, Krychaw District, Mahilyow Region, 213500 Belarus",31.708463,53.698859, Krychaw District,,
???????????,?????????????? ???????? ?????, Homyel Region, Belarus,"Unnamed Road Unnamed Road ?????????????? ???????? ?????, Homyel District, Homyel Region Belarus",30.944764,52.266079, Homyel District,,
????????????? ?????,Krychaw, Mahilyow Region, Belarus,"15 ?????? ????? Krychaw, Krychaw District, Mahilyow Region, 213500 Belarus",31.720374,53.684767, Krychaw District,,
????????,????????????? ???????? ?????, Mahilyow Region, Belarus,"?43 ????????????? ???????? ?????, Klimavichy District, Mahilyow Region Belarus",31.8627476863371,53.7089435793934, Klimavichy District,,
????????? ????????,Krychaw, Mahilyow Region, Belarus,"Krychaw, Krychaw District, Mahilyow Region, 213492 Belarus",31.696547,53.756403, Krychaw District,,
Pr. Kasmanautau Cemetery,Hrodna, Hrodzyenskaya Voblasts�, Belarus,"vulica Karskaha Hrodna, Grodna District, Hrodzyenskaya Voblasts� Belarus",23.878423,53.678364, Grodna District,,
?????,?????????????? ???????? ?????, Homyel Region, Belarus,"Unnamed Road Unnamed Road ?????????????? ???????? ?????, Vietka District, Homyel Region Belarus",31.175188,52.723537, Vietka District,,
??????,Homyel, Homyel Region, Belarus,"Unnamed Road Homyel, Homielski rajon, Homyel Region, 246046 Belarus",30.920639,52.388361, Homielski rajon,,
Mohilki tatarskija,Shchuchyn District, Hrodzyenskaya Voblasts�, Belarus,"?6255 Shchuchyn District, Hrodzyenskaya Voblasts� Belarus",24.846439,53.757795,,,
Staryja pravaslaunyja mohilki,Hrodna, Hrodzyenskaya Voblasts�, Belarus,"??????????? ?????? Hrodna, Grodna District, Hrodzyenskaya Voblasts� Belarus",23.8420149999999,53.670601, Grodna District,,
????????? ???????? ?.?????,????????? ???????? ?????, Homyel Region, Belarus,"????????? ???????? ?????, Zhytkavichy District, Homyel Region Belarus",27.489942,52.330041, Zhytkavichy District,,
Old Christian Cemetery,Navahrudak, Hrodzyenskaya Voblasts�, Belarus,"vulica Valceckaha Navahrudak, Navahrudak District, Hrodzyenskaya Voblasts� Belarus",25.823245,53.590667, Navahrudak District,,
???????? ?.???????????,????????????? ???????? ?????, Mahilyow Region, Belarus,"????????????? ???????? ?????, Klimavichy District, Mahilyow Region Belarus",31.893889511641,53.692511598065, Klimavichy District,,
Wsielub przykoscielny,?????????? ???????? ?????, Hrodna Region, Belarus,"???????? - ?????? - ????? ?????????? ???????? ?????, Navahrudak District, Hrodna Region Belarus",25.805347,53.717684, Navahrudak District,,
Waszkiewicze,?????????? ???????? ?????, Hrodna Region, Belarus,"????????? ????? ?????????? ???????? ?????, Lida District, Hrodna Region, 231306 Belarus",25.45750772015,53.717892744438, Lida District,,
????????,????????????? ???????? ?????, Homyel Region, Belarus,"41 ????-???????? � ????????? � ???????? ????????????? ???????? ?????, Buda-Kashalyova District, Homyel Region, 247378 Belarus",30.613043,52.696118, Buda-Kashalyova District,,
Old Jewish cemetery in Oshmyany (???????),Ashmyany, Hrodna Region, Belarus,"2 vulica Kaapieratyunaja Ashmyany, Ashmiany District, Hrodna Region Belarus 
                         
                    ",25.919034,54.422289, Ashmiany District,http://globus.tut.by/oshmyany/evrgraves_gallery.htm,
Cmentarz Rzymskokatolicki w Odelsku,????????? ???????? ?????, Hrodna Region, Belarus,"????? ????? ????????? ???????? ?????, Grodno District, Hrodna Region Belarus",23.768599878738,53.402763222291, Grodno District,,
Mohilki katalickija staryja,Shchuchyn District, Hrodzyenskaya Voblasts�, Belarus,"?6255 Shchuchyn District, Hrodzyenskaya Voblasts� Belarus",24.845552,53.770461,,,
Katalickija mohilki,Vasili�ki, Hrodzyenskaya Voblasts�, Belarus,"????? 1 ??? Vasili�ki, Shchuchyn District, Hrodzyenskaya Voblasts� Belarus",24.858236,53.77851, Shchuchyn District,,
Cemetery,Valeuka, Hrodzyenskaya Voblasts�, Belarus,"P5 Valeuka, Navahrudak District, Hrodzyenskaya Voblasts� Belarus",25.887745,53.457031, Navahrudak District,,
 ?????????,????????????? ???????? ?????, Hrodna Region, Belarus,"5? ????????????? ???????? ?????, Lida District, Hrodna Region, 231313 Belarus",25.472560800418,53.835276699978, Lida District,,
???????,Miadziel, Minsk Province, Belarus,"vulica Leninskaja Miadziel, Myadzyel Raion, Minsk Province Belarus",26.938838,54.875704, Myadzyel Raion,,
????????,Mikhanavichy, Minsk Province, Belarus,"??. ??????????? Mikhanavichy, Minski Rayon, Minsk Province Belarus",27.7018849999999,53.738652, Minski Rayon,,
????????????? ???????,Sunai, Minsk Province, Belarus,"???. ??????? Sunai, Kapylski rajon, Minsk Province Belarus",27.373549,53.244762, Kapylski rajon,,
Mir Jewish cemetery,Mir, Hrodzyenskaya Voblasts�, Belarus,"Savieckaja vulica Mir, Karelichy District, Hrodzyenskaya Voblasts� Belarus",26.4757039999999,53.458805, Karelichy District,,
???????,???????, Minsk Province, Belarus,"?9350 ???????, Pukhavichy Raion, Minsk Province Belarus",27.7802360000001,53.656674, Pukhavichy Raion,,
?????????,Kapylski rajon, Minsk Province, Belarus,"Kapylski rajon, Minsk Province Belarus",27.399676,53.152993,,,
???????? ???????? ?.?????,?????????? ???????? ?????, Mahilyow Region, Belarus,"????????? ????? ?????????? ???????? ?????, Drybin District, Mahilyow Region Belarus",31.193538712816,54.010782885588, Drybin District,,
??????????? ????????,???????????? ???????? ?????, Mahilyow Region, Belarus,"?15 ???????????? ???????? ?????, Krychaw District, Mahilyow Region, 213492 Belarus",31.701944,53.770556, Krychaw District,,
????????,Pukhavichy Raion, Minsk Province, Belarus,"?9377 Pukhavichy Raion, Minsk Province Belarus",27.79137,53.580605,,,
???????? ???????,Sunai, Minsk Province, Belarus,"???. ??????? Sunai, Kapylski rajon, Minsk Province Belarus",27.386349,53.227925, Kapylski rajon,,
?????????? ????????,????????????? ???????? ?????, Mahilyow Region, Belarus,"????????????? ???????? ?????, Mogilev District, Mahilyow Region, 212032 Belarus",30.378243629634,53.93014437196, Mogilev District,,
Old Jewish Cemetery,Homyel, Homyel Region, Belarus,"????? ?????? Homyel, Homielski rajon, Homyel Region, 246040 Belarus",31.030881447376,52.351552571157, Homielski rajon,,
Nemetskoye Voyennoye Kladbishche - Deutsche Soldatenfriedhof Schtschatkowo,?????????? ???????? ?????, Mahilyow Region, Belarus,"??????? - ????????? ?????????? ???????? ?????, Babruysk District, Mahilyow Region, 213808 Belarus",29.16964276783,53.213536665679, Babruysk District,,
Zabalaccie Cemetery,Zabalaccie District, Minsk Province, Belarus,"M4 M4 Zabalaccie District, Cherven District, Minsk Province Belarus",27.916574,53.772289, Cherven District,,
?????????? ??????? (Bryleuskija),Minsk, Minsk, Belarus,"64 praspiekt Haziety Prauda Minsk, Minsk Belarus",27.476809991402,53.859270181123,,,
Cemetery,Sierafimova, Minsk Province, Belarus,"????? ????????? Sierafimova, Minski Rayon, Minsk Province Belarus",27.701859,53.765585, Minski Rayon,,
Belaruchy Cemetery,Minski Rayon, Minsk Province, Belarus,"P58 Minski Rayon, Minsk Province Belarus",27.602799,54.119956,,,
??????? ? ??????? (Zavaly cemetery),?????? (Zavaly), Minsk Province, Belarus,"?8098 ?????? (Zavaly), ?????????? ????, Minsk Province Belarus",28.671539,54.181923, ?????????? ????,,
??????i? ???i??i,Slutsk, Minsk Region, Belarus,"3 ????? ????? Slutsk, Minsk Region, 223644 Belarus",27.5246569999999,53.349014,,,
?????? ????????? ????????,Slutsk, Minsk Region, Belarus,"105 ????? 14 ???????? Slutsk, Minsk Region Belarus",27.553905,53.051621,,,
???????????? ????????,Salihorsk, Minsk Region, Belarus,"81 ??????????????? ????? Salihorsk, Minsk Region, 223730 Belarus",27.465747,52.735481,,,
???????_??????,??????????? ???????? ?????, Minsk Region, Belarus,"??????????? ???????? ?????, Dzyarzhynsk District, Minsk Region, 222740 Belarus",27.080765169801,53.745707657212, Dzyarzhynsk District,,
???????? ????????,???????????? ???????? ?????, Minsk Region, Belarus,"?9031 ???????????? ???????? ?????, Minsk District, Minsk Region, 223043 Belarus",27.557096425713,53.983760709079, Minsk District,,
???????_????????,??????????? ???????? ?????, Minsk Region, Belarus,"??????????? ???????? ?????, Dzyarzhynsk District, Minsk Region, 222740 Belarus",27.074856262309,53.744578283553, Dzyarzhynsk District,,
???????????? ????????,Valozhyn, Minsk Region, Belarus,"?8255 Valozhyn, Minsk Region, 222365 Belarus",27.073026,53.968314,,,
???????????? ???????? ?. ?????????,Staryya Darohi, Minsk Region, Belarus,"?9690 Staryya Darohi, Minsk Region, 222920 Belarus",28.03981,53.059716,,,
???????????? ???????,Nyasvizh, Minsk Region, Belarus,"33 2-? ??????? ????? Nyasvizh, Minsk Region, 222615 Belarus",26.4193270000001,53.216849,,,
???????_???????,??????????? ???????? ?????, Minsk Region, Belarus,"??????????? ???????? ?????, Dzyarzhynsk District, Minsk Region, 222740 Belarus",27.088521381029,53.749447363557, Dzyarzhynsk District,,
???????,Minsk, Minsk, Belarus,"28 vulica Bialieckaha Minsk, Minsk Belarus",27.450629421951,53.857924596554,,,
??????,Valozhyn, Minsk Region, Belarus,"?8252 Valozhyn, Minsk Region, 222365 Belarus",27.0119580000001,53.93574,,,
????? ?????????? ???????,Vileyka, Minsk Region, Belarus,"?8178 Vileyka, Minsk Region, 222417 Belarus",27.6734280000001,54.724289,,,
Minsk Ghetto,Minsk, Minsk Province, Belarus,"Vulitsa Myel�nikayte Minsk, Minski Rayon, Minsk Province Belarus",27.5429,53.9098, Minski Rayon,,
???????????? ???????,Barysaw, Minsk Region, Belarus,"62 ????????? ????? Barysaw, Minsk Region, 222133 Belarus",28.223362,54.368134,,,
?????,??????????? ???????? ?????, Minsk Region, Belarus,"?9350 ??????????? ???????? ?????, Pukhavichy District, Minsk Region Belarus",27.75,53.66667, Pukhavichy District,,
Kozyrauskija mohilki,Minsk, Minsk Province, Belarus,"4 vulica Hiermanauskaja Minsk, Minsk Province Belarus",27.554881322754,53.868143,,,
?????????? ????????,Barysaw, Minsk Region, Belarus,"?53 Barysaw, Minsk Region, 222147 Belarus",28.628207,54.259525,,,
?????,Chervyen, Minsk Region, Belarus,"?59 Chervyen, Minsk Region, 223221 Belarus",28.373029,53.892314,,,
???????? ???????? ?.?????,Dzyarzhynsk, Minsk Region, Belarus,"????? ?????????? Dzyarzhynsk, Minsk Region, 222712 Belarus",27.1068760000001,53.677666,,,
????????? ????????,Mogilyov, Mogilev, Belarus,"8 ????? ??????? ????????? Mogilyov, Mogilev, 212022 Belarus",30.309949,53.89536,,,
??????????? ????????,Kastsyukovichy, Mogilev, Belarus,"20 ????????????? ????? Kastsyukovichy, Mogilev, 213653 Belarus",32.064754,53.330214,,,
?????????? ????????,Zhodino, Minsk Region, Belarus,"????? ???????? Zhodino, Smaliavichy District, Minsk Region Belarus",28.336249236771,54.092262830942, Smaliavichy District,,
???????????,Kirawsk, Mogilev, Belarus,"?10471 Kirawsk, Mogilev, 213949 Belarus",29.694243370225,53.190150772133,,,
??????? ????????,Chavusy, Mogilev, Belarus,"55 ??????????? ????? Chavusy, Mogilev, 213206 Belarus",30.9800290000001,53.799713,,,
????????????? ????????,Babruysk District, Mogilev, Belarus,"Babruysk District, Mogilev, 213857 Belarus",29.642780015121,53.15463672038,,,
?????????????? ????????,Asipovichy, Mogilev, Belarus,"?91 Asipovichy, Mogilev, 213741 Belarus",28.5965659999999,53.294614,,,
?????? ????????,Asipovichy, Mogilev, Belarus,"35 ??????-???????????? ????? Asipovichy, Mogilev, 213761 Belarus",28.651411,53.290061,,,
???????? ????????,Asipovichy, Mogilev, Belarus,"43 ?????????? ????? Asipovichy, Mogilev, 213761 Belarus",28.617438,53.29522,,,
???????? ????????,Mogilyov, Mogilev, Belarus,"4 ????? 2-? ??????????? ????? Mogilyov, Mogilev, 212022 Belarus",30.318232,53.904291,,,
??????????????? ????????,Mogilyov, Mogilev, Belarus,"5 ??????? ???????????? Mogilyov, Mogilev, 212002 Belarus",30.32368,53.880302,,,
?????????? ????????,Mogilyov, Mogilev, Belarus,"24 ????????? ????? Mogilyov, Mogilev, 213123 Belarus",30.30277,53.945312,,,
???????? ????????,Chavusy, Mogilev, Belarus,"?122 Chavusy, Mogilev, 213204 Belarus",30.972322,53.799784,,,
?????????,Kirawsk, Mogilev, Belarus,"?10463 Kirawsk, Mogilev, 213945 Belarus",29.534814798216,53.173387459359,,,
???????? ????????,Mogilyov, Mogilev, Belarus,"103 ????????????? ????? Mogilyov, Mogilev, 212004 Belarus",30.420988,53.887997,,,
??????? ? ????? ?????????? (Malyja Niehnavicy),Barysaw, Minsk Region, Belarus,"115 ??. ???????? Barysaw, Minsk Region, 222122 Belarus",28.7750169999999,54.227285,,,
??????? ? ???????? (Dakudava cemetery),Dokudovo, Minsk Region, Belarus,"H8649 Dokudovo, Krupski rayon, Minsk Region Belarus",28.895711,54.324486, Krupski rayon,,
??????? ?. ????????,Bykhaw, Mogilev, Belarus,"62 ??. ????? Bykhaw, Mogilev, 213325 Belarus",29.866267,53.510562,,,
??????? ? ??????? (Lo�nica cemetery),Lo�nica, Minsk Region, Belarus,"Ulitsa Komsomol'skaya Lo�nica, Barysaw District, Minsk Region Belarus",28.756182,54.284008, Barysaw District,,
?????????,Kirawsk, Mogilev, Belarus,"?10486 Kirawsk, Mogilev, 213944 Belarus",29.485228441989,53.220754561258,,,
??????? ??????????-????,Uzda, Minsk Region, Belarus,"4 ??????????? ????? Uzda, Minsk Region, 223406 Belarus",27.079807,53.350449,,,
??????? ?. ????????,Bykhaw, Mogilev, Belarus,"1 ??. ???????? Bykhaw, Mogilev, 213325 Belarus",29.86923,53.524684,,,
??????? ?. ?????????,Bykhaw, Mogilev, Belarus,"?????????-??????? Bykhaw, Mogilev, 213317 Belarus",29.825006,53.54579,,,
??????? ???. ??????,Bykhaw, Mogilev, Belarus,"Haradziec-Sialiba Bykhaw, Mogilev, 213325 Belarus",30.02962,53.531456,,,
??????? ?. ????? ????,Stary Bobr, Minsk Region, Belarus,"Unnamed Road Stary Bobr, Krupki District, Minsk Region Belarus",29.307124,54.38441, Krupki District,,
??????? ?. ????????,Pukhavichy, Minsk Region, Belarus,"?????? ????????????? Pukhavichy, Pukhavichy District, Minsk Region Belarus",28.259432,53.524806, Pukhavichy District,,
??????? ?. ???????-1,Mogilyov, Mogilev, Belarus,"4 ??????????? ????? Mogilyov, Mogilev, 213130 Belarus",30.1926100000001,53.876474,,,
??????? ?. ????? (?????????),Plisa, Minsk Region, Belarus,"?8716 Plisa, Krupki rayon, Minsk Region Belarus",29.313669,54.373323, Krupki rayon,,
??????? ?????????,Valozhyn, Minsk Region, Belarus,"32 ????? ?????? Valozhyn, Minsk Region, 222357 Belarus",26.529804,54.093626,,,
???????,Stowbtsy, Minsk Region, Belarus,"?8246 Stowbtsy, Minsk Region, 222672 Belarus",26.760383,53.562896,,,
??????? ?. ????? (????????),Plisa, Minsk Region, Belarus,"?8716 Plisa, Krupki rayon, Minsk Region Belarus",29.33495,54.364922, Krupki rayon,,
???????,Uzda, Minsk Region, Belarus,"???????????? ???????? Uzda, Minsk Region, 223411 Belarus",27.199828,53.458308,,,
???????,Valozhyn, Minsk Region, Belarus,"???????????? ????? Valozhyn, Minsk Region, 222358 Belarus",26.5495109999999,54.074836,,,
???????,Maladzyechna, Minsk Region, Belarus,"?28 Maladzyechna, Minsk Region, 222320 Belarus",27.086198,54.229036,,,
???????,Valozhyn, Minsk Region, Belarus,"?8262 Valozhyn, Minsk Region, 222341 Belarus",26.388697,54.105543,,,
??????? ??????????,Minsk, Minsk Region, Belarus,"?9067 Minsk, Minsk Region, 223051 Belarus",27.832128,53.906646,,,
???????,Radashkovichy, Minsk Region, Belarus,"Radashkovichy, Maladzyechna Raion, Minsk Region Belarus",27.247338,54.15074, Maladzyechna Raion,,
???????,Maladzyechna, Minsk Region, Belarus,"118 ??. ???????? Maladzyechna, Minsk Region, 222324 Belarus",27.081504,54.095432,,,
???????,Slutsk, Minsk Region, Belarus,"29 ??. ???????? Slutsk, Minsk Region, 223637 Belarus",27.5998489999999,53.059579,,,
???????,Kirawsk, Mogilev, Belarus,"?10470 Kirawsk, Mogilev, 213957 Belarus",29.7068380000001,53.463647,,,
???????,Slutsk, Minsk Region, Belarus,"?9473 Slutsk, Minsk Region, 223640 Belarus",27.5417,53.081437,,,
??????? ?. ??????,Rogovo, Minsk Region, Belarus,"?8964 Rogovo, Minsk District, Minsk Region Belarus",27.307757,54.125778, Minsk District,,
???????,Minsk, Minsk Region, Belarus,"?8951 Minsk, Minsk Region, 223042 Belarus",27.464655,54.016282,,,
???????,Bykhaw, Mogilev, Belarus,"24 ?????????? ????? Bykhaw, Mogilev, 213325 Belarus",29.846583,53.514478,,,
??????????? ???????,Mogilyov, Mogilev, Belarus,"???????????? ????? Mogilyov, Mogilev, 212017 Belarus",30.353691,53.898159,,,
??????????? ????????,Babruysk District, Mogilev, Belarus,"7 ??. ??????? Babruysk District, Mogilev, 213857 Belarus",29.625586191389,53.178237506103,,,
???????????? ???????,Mogilyov, Mogilev, Belarus,"???????? ?????? Mogilyov, Mogilev, 213105 Belarus",30.34193,53.838899,,,
???????????? ????????,Babruysk District, Mogilev, Belarus,"?10093 Babruysk District, Mogilev, 213857 Belarus",29.611518732068,53.1647044797,,,
??????? (????? ??????? ?????????) - Cemetery (Vialikija Niehnavicy),Barysaw, Minsk Region, Belarus,"?8099 Barysaw, Minsk Region, 222122 Belarus",28.7462419999999,54.221176,,,
???????? ??????? ?. ?????,Kirawsk, Mogilev, Belarus,"P93 Kirawsk, Mogilev, 213932 Belarus",29.648557,53.447241,,,
???????? ?. ??????,Bykhaw, Mogilev, Belarus,"Ujun-Sialiba Bykhaw, Mogilev, 213325 Belarus",30.031511,53.500346,,,
???????? ?. ?????????,Bykhaw, Mogilev, Belarus,"13 ??. ????????? Bykhaw, Mogilev, 213326 Belarus",29.8670930000001,53.449815,,,
???????? ?. ????,Babruysk District, Mogilev, Belarus,"?10083 Babruysk District, Mogilev, 213833 Belarus",29.113015,52.983858,,,
???????? ?. ????????,Bykhaw, Mogilev, Belarus,"?10160 Bykhaw, Mogilev, 213313 Belarus",30.039082,53.58866,,,
???????? ?. ???????,Bykhaw, Mogilev, Belarus,"Pianiuhi-Sialiba Bykhaw, Mogilev, 213327 Belarus",30.1006640000001,53.480459,,,
???????? ?. ????,Bykhaw, Mogilev, Belarus,"?10157 Bykhaw, Mogilev, 213326 Belarus",30.033366,53.465263,,,
????????,Slawharad, Mogilev, Belarus,"43 ??????????? ????? Slawharad, Mogilev, 213260 Belarus",30.889755,53.435309,,,
???????? ? ??????????? ???????,Kirawsk, Mogilev, Belarus,"?10455 Kirawsk, Mogilev, 213949 Belarus",29.677609759069,53.209056152608,,,
????????,Mogilyov, Mogilev, Belarus,"58 ??. ???????????-?????? Mogilyov, Mogilev, 212003 Belarus",30.273283,53.907055,,,
????????,Shklou, Mogilev, Belarus,"40 ??????????? ????? Shklou, Mogilev, 213002 Belarus",30.300808,54.186088,,,
????????,Hlusk, Mogilev, Belarus,"?10234 Hlusk, Mogilev, 213873 Belarus",28.6860839999999,53.055503,,,
???????,Nyasvizh, Minsk Region, Belarus,"43 ??. ??????????? Nyasvizh, Minsk Region, 222603 Belarus",26.7182760000001,53.197501,,,
???????,Staryya Darohi, Minsk Region, Belarus,"2 ??. ????????????? Staryya Darohi, Minsk Region, 222913 Belarus",28.386402,52.957034,,,
???????,Maladzyechna, Minsk Region, Belarus,"?9107 Maladzyechna, Minsk Region, 222315 Belarus",26.6909479999999,54.310791,,,
???????,Vileyka, Minsk Region, Belarus,"?8179 Vileyka, Minsk Region, 222442 Belarus",27.425481,54.489698,,,
???????,Staryya Darohi, Minsk Region, Belarus,"?9698 Staryya Darohi, Minsk Region, 222911 Belarus",28.3695720000001,53.081235,,,
???????,Barysaw, Minsk Region, Belarus,"24 ????? ????? Barysaw, Minsk Region, 222518 Belarus",28.510452,54.209602,,,
???????,Staryya Darohi, Minsk Region, Belarus,"?9681 Staryya Darohi, Minsk Region, 222910 Belarus",28.267526,53.027812,,,
???i??i,Staryya Darohi, Minsk Region, Belarus,"P43 Staryya Darohi, Minsk Region, 222927 Belarus",28.115667,53.039729,,,
???????,Maladzyechna, Minsk Region, Belarus,"?9107 Maladzyechna, Minsk Region, 222315 Belarus",26.6909479999999,54.310791,,,
???i??i,Staryya Darohi, Minsk Region, Belarus,"73 ??. ????????? Staryya Darohi, Minsk Region, 222911 Belarus",28.4152329999999,53.055853,,,
???i??i,Staryya Darohi, Minsk Region, Belarus,"?9701 Staryya Darohi, Minsk Region, 222919 Belarus",28.32007,53.07569,,,
???i??i,Staryya Darohi, Minsk Region, Belarus,"?9706 Staryya Darohi, Minsk Region, 222911 Belarus",28.415389,53.028396,,,
?????,Chervyen, Minsk Region, Belarus,"?69 Chervyen, Minsk Region, 223239 Belarus",27.989326,53.722959,,,
???i??i,Staryya Darohi, Minsk Region, Belarus,"6 ??. ??????? Staryya Darohi, Minsk Region, 222925 Belarus",28.0374850000001,53.204944,,,
???????,Valozhyn, Minsk Region, Belarus,"?8294 Valozhyn, Minsk Region, 222357 Belarus",26.434838,54.124115,,,
????????,Mogilyov, Mogilev, Belarus,"?11008 Mogilyov, Mogilev, 212030 Belarus",30.368214,53.952581,,,
???i??i,Staryya Darohi, Minsk Region, Belarus,"?9690 Staryya Darohi, Minsk Region, 222922 Belarus",28.1234420000001,53.162803,,,
???i??i,Staryya Darohi, Minsk Region, Belarus,"?92 Staryya Darohi, Minsk Region, 222926 Belarus",28.159703,53.142633,,,
Latkolonija kapi,Bykhaw District, Mogilev Region, Belarus,"Bykhaw District, Mogilev Region Belarus",30.477429781313,53.616683758824,,,
Izjumava,Izjumava, Mogilev Region, Belarus,"53.247614, 29.035631 Izjumava, Asipovicki rajon, Mogilev Region Belarus",28.8702795,53.390473591465, Asipovicki rajon,,
????????? ????????,Kirawsk, Mogilev, Belarus,"?10488 Kirawsk, Mogilev, 213948 Belarus",29.716571064846,53.146216277368,,,
?????????????,Mogilyov, Mogilev, Belarus,"58 ????????????? ????? Mogilyov, Mogilev, 212010 Belarus",30.3340900000001,53.916922,,,
????????? ????????,Horki, Mogilev, Belarus,"17 ?????????? ????? Horki, Mogilev, 213404 Belarus",31.001157,54.279821,,,
???????????? ????????,Kruhlaje, Mogilev, Belarus,"?121 Kruhlaje, Mogilev, 213183 Belarus",29.977341,54.227756,,,
????????? ????????,Chavusy, Mogilev, Belarus,"?122 Chavusy, Mogilev, 213204 Belarus",30.981488,53.796747,,,
????????? ????????,Klimavichy, Mogilev, Belarus,"25 ????????????? ????? Klimavichy, Mogilev, 213633 Belarus",31.9647199999999,53.603589,,,
?????? ???????,Vileyka, Minsk Region, Belarus,"?8181 Vileyka, Minsk Region, 222417 Belarus",26.9106879999999,54.51785,,,
????????? ????????,Asipovichy, Mogilev, Belarus,"?34 Asipovichy, Mogilev, 213741 Belarus",28.602408,53.30172,,,
????????? ????????,Klimavichy, Mogilev, Belarus,"7 ????? ?????????? Klimavichy, Mogilev, 213632 Belarus",31.933473,53.603839,,,
????????????? ????????,Mogilyov, Mogilev, Belarus,"18 ????? ????????? Mogilyov, Mogilev, 212022 Belarus",30.323034,53.908199,,,
Zvantsouka cemetery,Bykhaw, Mogilev, Belarus,"P120 Bykhaw, Mogilev, 213313 Belarus",30.071918,53.607419,,,
Izyumovo | ???????,Babrujsk, Mogilev Region, Belarus,"98 Ulitsa Minskaya Babrujsk, Babrujski rajon, Mogilev Region Belarus 
                         
                    ",29.210663220902,53.160412, Babrujski rajon,https://sites.google.com/site/usadbyidomapredkov/home/vladenia-zabela-zabello/derevna-izumovo-durinici,
Old Cemetery,Mscislau, Mogilev Region, Belarus,"P73 Mscislau, Mscislauski rajon, Mogilev Region Belarus",31.739640482228,54.023444551237, Mscislauski rajon,,
???????? ????????,Babruysk District, Mogilev, Belarus,"?10103 Babruysk District, Mogilev, 213833 Belarus",29.121371,52.973916,,,
???????,???????, Mogilev Region, Belarus,"?10092 ???????, Babruysk District, Mogilev Region Belarus",29.035631,53.247614, Babruysk District,,
Zvalnia Cemetery,Klichaw, Mogilev, Belarus,"???? ????-?????? Klichaw, Mogilev, 213902 Belarus",29.7279559999999,53.569309,,,
Zbyshyn cemetery,Kirawsk, Mogilev, Belarus,"?10464 Kirawsk, Mogilev, 213957 Belarus",29.767378,53.497003,,,
P73,Mscislau, Mogilev Region, Belarus,"P73 Mscislau, Mscislauski rajon, Mogilev Region Belarus",31.670231390677,54.007558357544, Mscislauski rajon,,
Zarechcha cemetery,Bykhaw, Mogilev, Belarus,"72 ??. ???????? Bykhaw, Mogilev, 213313 Belarus",30.087795,53.647458,,,
Zamoszsza cemetery,Bykhaw, Mogilev, Belarus,"Sialiba-Zamoszsza Bykhaw, Mogilev, 213325 Belarus",29.9744949999999,53.494156,,,
??????????? ????????,Stowbtsy, Minsk Region, Belarus,"28 ??????????? ????? Stowbtsy, Minsk Region, 222661 Belarus",26.9175809999999,53.53181,,,
Zahaccie Cemetery,Klichaw, Mogilev, Belarus,"?10607 Klichaw, Mogilev, 213902 Belarus",29.679564,53.665914,,,
???????? ?????????,Salihorsk, Minsk Region, Belarus,"?9638 Salihorsk, Minsk Region, 223712 Belarus",27.4916889999999,52.835806,,,
Zalatva Cemetery,Bykhaw, Mogilev, Belarus,"4 ??. ?????? Bykhaw, Mogilev, 213317 Belarus",30.0085300000001,53.596536,,,
???????? ?????????,Barysaw, Minsk Region, Belarus,"?????????????? ????? Barysaw, Barysaw District, Minsk Region, 222514 Belarus",28.495184974635,54.258190760391, Barysaw District,,
Zabroddzie cemetery,Bykhaw, Mogilev, Belarus,"P120 Bykhaw, Mogilev, 213313 Belarus",30.062768,53.625594,,,
Viazma cemetery,Bykhaw, Mogilev, Belarus,"Padsioly-Szmaki-Halynauka Bykhaw, Mogilev, 213326 Belarus",29.9258199999999,53.380969,,,
???????? ?????????,Salihorsk, Minsk Region, Belarus,"?23 Salihorsk, Minsk Region, 202155 Belarus",27.45496,52.771658,,,
???????? ?. ??????,Barysaw, Minsk Region, Belarus,"?8094 Barysaw, Minsk Region, 222142 Belarus",28.799658283037,54.349284741932,,,
???????? ???????????,Zhodzina, Minsk Region, Belarus,"????? ??????? ??? Zhodzina, Minsk Region, 222165 Belarus",28.363604,54.08775,,,
???????? ?.????????,Uzda, Minsk Region, Belarus,"?9851 Uzda, Minsk Region, 223406 Belarus",26.986192,53.403262,,,
?????????? ??????? ??? ????? ?????,Mogilyov, Mogilev, Belarus,"4 ?????????? ????? Mogilyov, Mogilev, 212017 Belarus",30.353748,53.900391,,,
????????,Salihorsk, Minsk Region, Belarus,"?9632 Salihorsk, Minsk Region, 223729 Belarus",27.178015,52.62469,,,
????????,Valozhyn, Minsk Region, Belarus,"?8262 Valozhyn, Minsk Region, 222341 Belarus",26.3335010000001,54.110292,,,
????????,Maladzyechna, Minsk Region, Belarus,"?????????? ????? Maladzyechna, Minsk Region, 222301 Belarus",26.8862859999999,54.307877,,,
????????,Maladzyechna, Minsk Region, Belarus,"36 ????? ????? Maladzyechna, Minsk Region, 222335 Belarus",26.7700119999999,54.165154,,,
???????? ????????????,Barysaw, Minsk Region, Belarus,"?63 Barysaw, Minsk Region, 222130 Belarus",28.445663,54.289466,,,
????????,Nyasvizh, Minsk Region, Belarus,"31 ????? ???????? Nyasvizh, Minsk Region, 222603 Belarus",26.695226,53.209409,,,
????????,Salihorsk, Minsk Region, Belarus,"?9468 Salihorsk, Minsk Region, 223720 Belarus",27.528253,52.903607,,,
????????,Maladzyechna, Minsk Region, Belarus,"?28 Maladzyechna, Minsk Region, 222301 Belarus",26.8691209999999,54.371334,,,
????????,Smalyavichy, Minsk Region, Belarus,"?59 Smalyavichy, Minsk Region, 222228 Belarus",28.300461,53.958958,,,
????????,?????, Minsk Region, Belarus,"?-9036 ?????, Minsk, Minsk Region, 223031 Belarus",27.398545,53.961056, Minsk,,
???????? ??????,Asipovichy District, Mogilev Province, Belarus,"Asipovichy District, Mogilev Province Belarus",28.668002,53.275189,,,
Szmaki cemetery,Kirawsk, Mogilev, Belarus,"?10454 Kirawsk, Mogilev, 213954 Belarus",29.883304,53.378954,,,
Tartak cemetery,Bykhaw, Mogilev, Belarus,"Chamiczy-Jezva Bykhaw, Mogilev, 213326 Belarus",29.969625,53.390034,,,
Sushchou cemetery,Bykhaw, Mogilev, Belarus,"?10155 Bykhaw, Mogilev, 213322 Belarus",30.121638,53.54906,,,
Stajki cemetery,Kirawsk, Mogilev, Belarus,"??????-????????? Kirawsk, Mogilev, 213932 Belarus",29.815662,53.388268,,,
Symanauka cemetery,Klichaw, Mogilev, Belarus,"?10603-????????? Klichaw, Mogilev, 213902 Belarus",29.633369,53.569448,,,
Rrzki Cemetery,Bykhaw, Mogilev, Belarus,"?????-??????? Bykhaw, Mogilev, 213325 Belarus",29.951005,53.569218,,,
Shalayouka cemetery,Kirawsk, Mogilev, Belarus,"2 ????? ????? Kirawsk, Mogilev, 213957 Belarus",29.742168,53.502595,,,
Savascianauka cemetery,Kirawsk, Mogilev, Belarus,"Padsioly-Szmaki-Halynauka Kirawsk, Mogilev, 213954 Belarus",29.841799,53.352554,,,
Prybar cemetery,Kirawsk, Mogilev, Belarus,"?????-?????? Kirawsk, Mogilev, 213932 Belarus",29.8582759999999,53.398072,,,
Pianiuhi cemetery,Bykhaw, Mogilev, Belarus,"?10164 Bykhaw, Mogilev, 213322 Belarus",30.069167,53.519032,,,
Padsioly cemetery,Kirawsk, Mogilev, Belarus,"43 ??. ???????? Kirawsk, Mogilev, 213954 Belarus",29.934172,53.333798,,,
Pinczuki cemetery,Kirawsk, Mogilev, Belarus,"?10470 Kirawsk, Mogilev, 213957 Belarus",29.678658,53.515469,,,
Novaja Slabodka Cemetery,Klichaw, Mogilev, Belarus,"?10631 Klichaw, Mogilev, 213902 Belarus",29.812466,53.631889,,,
Kolbau cemetery,Kirawsk, Mogilev, Belarus,"?10475 Kirawsk, Mogilev, 213932 Belarus",29.808596,53.445459,,,
Kolbau cemetery,Kirawsk, Mogilev, Belarus,"?10475 Kirawsk, Mogilev, 213932 Belarus",29.808596,53.445459,,,
Kokatava cemetery,Kirawsk, Mogilev, Belarus,"?10470 Kirawsk, Mogilev, 213932 Belarus",29.610046,53.488154,,,
Kuczyn cemetery,Bykhaw, Mogilev, Belarus,"?120 Bykhaw, Mogilev, 213317 Belarus",29.953356,53.684722,,,
Jezva cemetery,Bykhaw, Mogilev, Belarus,"Chamiczy-Jezva Bykhaw, Mogilev, 213326 Belarus",29.988263,53.377094,,,
??????? ?????,Chervyen, Minsk Region, Belarus,"?69 Chervyen, Minsk Region, 223216 Belarus",28.027646,53.76681,,,
???????????? ????????,Okolitsa, Minsk Region, Belarus,"Ulitsa Shosseynaya Okolitsa, Minsk Region, Minsk Region Belarus",27.73977761769,54.059819334954, Minsk Region,,
??????? ?????,Vileyka, Minsk Region, Belarus,"?29 Vileyka, Minsk Region, 222417 Belarus",26.942591,54.531071,,,
Jadryna Slabada Cemetery,Klichaw, Mogilev, Belarus,"17 ??. ??????????? Klichaw, Mogilev, 213902 Belarus",29.8217099999999,53.677449,,,
????????? ????????,Vileyka, Minsk Region, Belarus,"?9116 Vileyka, Minsk Region, 222417 Belarus",27.302047,54.426718,,,
?????????? ???????,Barysaw, Minsk Region, Belarus,"32 ????????? ????? Barysaw, Minsk Region, 222133 Belarus",28.21916,54.362286,,,
????????? ????????,Vileyka, Minsk Region, Belarus,"13 ????? ??????? Vileyka, Minsk Region, 222416 Belarus",26.901429,54.491259,,,
?????????,Smalyavichy, Minsk Region, Belarus,"16 ????? ?????????? Smalyavichy, Minsk Region, 222201 Belarus",28.025163,54.005433,,,
???????? ???????,Vileyka, Minsk Region, Belarus,"?8181 Vileyka, Minsk Region, 222417 Belarus",26.8732680000001,54.504842,,,
???????? ???????,Vileyka, Minsk Region, Belarus,"?29 Vileyka, Minsk Region, 222415 Belarus",26.965023,54.543239,,,
Old Jewish Cemetery,Babruysk, Mogilev, Belarus,"106 ??????? ????? Babruysk, Mogilev, 213814 Belarus",29.207278704673,53.168392255397,,,
???????? ???????,Vileyka, Minsk Region, Belarus,"12 ??????????? ????? Vileyka, Minsk Region, 222418 Belarus",26.830915,54.547943,,,
StreveR ?? ????? ?.?. ?????????? ??????,Vileyka, Minsk Region, Belarus,"28 ????? ??????? Vileyka, Minsk Region, 222417 Belarus",26.925289,54.508519,,,
Salanianskija mohilki,Vileyka, Minsk Region, Belarus,"?8197 Vileyka, Minsk Region, 222417 Belarus",27.673179,54.691515,,,
????????? ???????,Dzyarzhynsk, Minsk Region, Belarus,"?1 Dzyarzhynsk, Minsk Region, 222750 Belarus",27.300626,53.73195,,,
Pazharyshcha cemetery (???i??i ?. ?????????),??????????? ???????? ?????, Minsk Region, Belarus,"?????-???????-?????? ??????????? ???????? ?????, Maladzyechna District, Minsk Region Belarus",26.93765968027,54.126707237575, Maladzyechna District,,
Staryja vardamskija mohilki,Vileyka, Minsk Region, Belarus,"9 ??. ??????? Vileyka, Minsk Region, 222417 Belarus",27.684026,54.715992,,,
???????????? ????????,Barysaw, Minsk Region, Belarus,"?53 Barysaw, Minsk Region, 222521 Belarus",28.567064,54.254678,,,
Rakov Jewish cemetery,???????, Minsk Region, Belarus,"????? ??????? ???????, Minsk oblast, Minsk Region, 222365 Belarus",27.061978,53.965125, Minsk oblast,,
Huta Cemetery,Bykhaw, Mogilev, Belarus,"Haradziec-Huta Bykhaw, Mogilev, 213325 Belarus",29.96799,53.512303,,,
??????????,Chervyen, Minsk Region, Belarus,"?9938 Chervyen, Minsk Region, 223211 Belarus",28.231988,53.832422,,,
???????? ???????,Vileyka, Minsk Region, Belarus,"?8171 Vileyka, Minsk Region, 222451 Belarus",26.867017,54.607598,,,
Grzybowiec Cemetery,Kirawsk, Mogilev, Belarus,"?10470 Kirawsk, Mogilev, 213957 Belarus",29.693668,53.489492,,,
Hrudzichyn cemetery,Bykhaw, Mogilev, Belarus,"?10189 Bykhaw, Mogilev, 213325 Belarus",29.8253520000001,53.484562,,,
???????????????? ????????,????????? ???????? ?????, Minsk Region, Belarus,"??????????? ????? ????????? ???????? ?????, Kletsk District, Minsk Region Belarus",26.546252,53.11971, Kletsk District,,
Halyniec-2 Cemetery,Mogilyov, Mogilev, Belarus,"104 ??????????? ????? Mogilyov, Mogilev, 213130 Belarus",30.17341,53.872813,,,
Dziedava cemetery,Bykhaw, Mogilev, Belarus,"?10157 Bykhaw, Mogilev, 213326 Belarus",30.073655,53.327853,,,
Dubcy cemetery,Kirawsk, Mogilev, Belarus,"Padsioly-Szmaki-Halynauka Kirawsk, Mogilev, 213954 Belarus",29.865445,53.342719,,,
Halkouka Cemetery,Bykhaw, Mogilev, Belarus,"?-10160 Bykhaw, Mogilev, 213317 Belarus",30.023186,53.609338,,,
Dunajok cemetery,Bykhaw, Mogilev, Belarus,"Dunajok-Zamoszsza Road Bykhaw, Mogilev, 213326 Belarus",29.968527,53.443793,,,
Douhaje cemetery,Klichaw, Mogilev, Belarus,"?10607 Klichaw, Mogilev, 213902 Belarus",29.662833,53.5968,,,
Smilovichi Jewish cemetery,Smilavichy, Minsk Region, Belarus,"???????? ????? ?????? Smilavichy, Cherven District, Minsk Region Belarus",28.000758,53.748927, Cherven District,,
Czyhirynka cemetery,Kirawsk, Mogilev, Belarus,"?10453 Kirawsk, Mogilev, 213932 Belarus",29.852119,53.419792,,,
Czarabamir cemetery,Kirawsk, Mogilev, Belarus,"?10453 Kirawsk, Mogilev, 213932 Belarus",29.791626,53.354468,,,
Cviordau Cemetery,Bykhaw, Mogilev, Belarus,"?10155 Bykhaw, Mogilev, 213317 Belarus",29.885365,53.667084,,,
Chamiczy cemetery,Bykhaw, Mogilev, Belarus,"?10157 Bykhaw, Mogilev, 213326 Belarus",29.9629130000001,53.344034,,,
Dubrova cemetery,Bykhaw, Mogilev, Belarus,"38 ??. ??????? Bykhaw, Mogilev, 213317 Belarus",29.896895,53.587638,,,
Cemetery,Klichaw, Mogilev, Belarus,"?10619 Klichaw, Mogilev, 213902 Belarus",29.81566,53.60359,,,
Cemetery,Klichaw, Mogilev, Belarus,"?10607 Klichaw, Mogilev, 213902 Belarus",29.7037359999999,53.62969,,,
Ciszouki Cemetery,Mogilyov, Mogilev, Belarus,"?11002 Mogilyov, Mogilev, 213134 Belarus",30.222366,53.883005,,,
Cemetery,Kirawsk, Mogilev, Belarus,"?-10464 Kirawsk, Mogilev, 213932 Belarus",29.560578,53.461936,,,
Cemetery,Bykhaw, Mogilev, Belarus,"9 ?10203 Bykhaw, Mogilev, 213317 Belarus",29.9463909999999,53.660005,,,
Hrybava Slabada cemetery,Kirawsk, Mogilev, Belarus,"?10464 Kirawsk, Mogilev, 213957 Belarus",29.7081419999999,53.518285,,,
Cemetery,Bykhaw, Mogilev, Belarus,"?11055 Bykhaw, Mogilev, 213317 Belarus",30.020957,53.662845,,,
Mound of Glory ,Smalyavichy, Minsk Region, Belarus,"?53 Smalyavichy, Minsk Region, 222232 Belarus",27.89833,54.01861,,,
Cmentarz Katolicki,Valozhyn, Minsk Region, Belarus,"15 ??????????? ????? Valozhyn, Minsk Region, 222365 Belarus",27.0508586,53.9534363,,,
Kholopenichi cemetery,Krupski rayon, Minsk Region, Belarus,"?8652 Krupski rayon, Krupski rayon, Minsk Region Belarus",28.972752,54.506768, Krupski rayon,,
Cemetery,Minsk, Minsk Region, Belarus,"47 ???????? ????? Minsk, Minsk Region, 223034 Belarus",27.300875,53.994173,,,
Cherven' Jewish Cemetery ,Cervien, Minsk Region, Belarus,"???????? ??????? Cervien, Cherven District, Minsk Region Belarus",28.402148,53.717534, Cherven District,,
Cemetery,Nyasvizh, Minsk Region, Belarus,"??????????? ????? Nyasvizh, Minsk Region, 222612 Belarus",26.4212669999999,53.357547,,,
Catholic Cemetery Near Dedilovichi,Barysaw, Minsk Region, Belarus,"1 ??. ??????? Barysaw, Minsk Region, 222137 Belarus",28.090817826117,54.574881558858,,,
Catholic Cemetery,Nyasvizh, Minsk Region, Belarus,"?8461 Nyasvizh, Minsk Region, 222615 Belarus",26.3909180000001,53.228772,,,
Jewish Cemetery of Gorodok,Maladzyechna, Minsk Region, Belarus,"19 ????? ??????????? Maladzyechna, Minsk Region, 222336 Belarus",26.91667,54.15,,,
Cemetery,Bykhaw, Mogilev, Belarus,"?120 Bykhaw, Mogilev, 213313 Belarus",30.0476619999999,53.648861,,,
Cemetery,Shklou, Mogilev, Belarus,"?76 Shklou, Mogilev, 213013 Belarus",30.218468,54.265374,,,
Aziaryckaslabadskija mohilki,Smalyavichy, Minsk Region, Belarus,"?2 Smalyavichy, Minsk Region, 222232 Belarus",27.895036,54.011644,,,
Cemetery,Klichaw, Mogilev, Belarus,"?10619 Klichaw, Mogilev, 213902 Belarus",29.741957,53.603475,,,
Cemetery,Klichaw, Mogilev, Belarus,"?79 Klichaw, Mogilev, 213902 Belarus",29.666736,53.541444,,,
Cemetery,Shklou, Mogilev, Belarus,"?76 Shklou, Mogilev, 213013 Belarus",30.202223,54.274748,,,
Cemetery,Bykhaw, Mogilev, Belarus,"106 ?????????? ????? Bykhaw, Mogilev, 213325 Belarus",29.846164,53.504658,,,
Balonau Sialets cemetery,Bykhaw, Mogilev, Belarus,"91 ??. ???????-????? Bykhaw, Mogilev, 213317 Belarus",29.916659,53.608992,,,
Balonau Sialets Cemetery,Bykhaw, Mogilev, Belarus,"1 ??. ???????? Bykhaw, Mogilev, 213317 Belarus",29.914293,53.640531,,,
Balonau Sialets cemetery,Bykhaw, Mogilev, Belarus,"?????????-?????-2 Bykhaw, Mogilev, 213317 Belarus",29.899807,53.622737,,,
Balonauka Cemetery,Bykhaw, Mogilev, Belarus,"?93 Bykhaw, Mogilev, 213317 Belarus",29.858332,53.546642,,,
Cemetery,Nyasvizh, Minsk Region, Belarus,"1 ??. ??????? Nyasvizh, Minsk Region, 222605 Belarus",26.332568,53.188357,,,
Taghavard Cemetery,,Xocav?nd, Azerbaijan,Xocav?nd Azerbaijan,46.91390379895,39.67210761342,,,
Sargsashen Cemetery,Sargsashen, Xocav?nd, Azerbaijan,"Sargsashen, Xocav?nd Azerbaijan",46.893579,39.690705,,,
Sos Cemetery,???, Xocav?nd, Azerbaijan,"Karmir Shuka-Chartar-Gishi Highway ???, Martuni, Xocav?nd Azerbaijan",47.008961,39.717982, Martuni,,
Tumi Cemetery,Tumi, Xocav?nd, Azerbaijan,"Tumi, Xocav?nd Azerbaijan",46.901465,39.582475,,,
Mets Tagher Cemetery,Metsh Tagher, Xocav?nd, Azerbaijan,"Metsh Tagher, Xocav?nd Azerbaijan",46.950452931213,39.624303361963,,,
Tsakuri Cemetery,,Xocav?nd, Azerbaijan,Xocav?nd Azerbaijan,46.9901130000001,39.572718,,,
Mokhrenes Cemetery,,Xocav?nd, Azerbaijan,Xocav?nd Azerbaijan,46.9346399999999,39.568931,,,
Mets Tagher Cemetery,Metsh Tagher, Xocav?nd, Azerbaijan,"Metsh Tagher, Xocav?nd Azerbaijan",46.958592507935,39.613666676889,,,
Griz Azerbaijan,Griz, Ujar, Azerbaijan,"Griz Griz, Ujar Azerbaijan",47.490051,40.407082,,,
Stepanakert Cemetery,,Xankandi Sahari, Azerbaijan,Xankandi Sahari Azerbaijan,46.737622,39.823891,,,
Nerkin Hortagh Cemetery,Nerqin Horatagh, Tartar, Azerbaijan,"Nerqin Horatagh, Tartar Azerbaijan",46.7812260000001,40.18318,,,
Martakert Cemetery,??????????r?, Tartar, Azerbaijan,"Charents Street ??????????r?, Martakert, Tartar Azerbaijan",46.811931,40.216168, Martakert,,
"Israfilov Nabi Mehdi oglunun qabri, Sixheybat kendi.1930-1996,27sentyabr ,Allah ",,Tovuz, Azerbaijan,H38 Tovuz Azerbaijan,45.549454,40.76354,,,
Q?birstanliq,Shamakhi, Shamakhi, Azerbaijan,"D?d? Qorqud Shamakhi, Shamakhi, Shamakhi Azerbaijan",48.6328960000001,40.621582, Shamakhi,,
Poylu Village Cemetery,Poylu, Samukh, Azerbaijan,"Yenikand-Poylu-Kasaman Road Poylu, Samukh, Samukh Azerbaijan",46.261123,41.137046, Samukh,,
Salyan,Salyan, Salyan, Azerbaijan,"Alat-Astara-Iran Highway Salyan, Salyan, Salyan Azerbaijan",48.971377,39.586805, Salyan,,
Cemetery,,S?rur, Azerbaijan,12 S?rur Azerbaijan,44.995994,39.488231,,,
Shamakhi Cementery,Samaxi, Shamakhi, Azerbaijan,"Baku-Shamakhi-Yevlakh Highway Samaxi, Shamakhi, Shamakhi Azerbaijan",48.632831,40.628761, Shamakhi,,
Luksemburg Village Cemetery,Luksemburg, Samukh, Azerbaijan,"Yenikand-Luksemburg-Girmizi Samukh Road Luksemburg, Samukh, Samukh Azerbaijan",46.3468789999999,40.9453, Samukh,,
Giyasli Village Cemetery,Qiyasli, Samukh, Azerbaijan,"Samukh-Yenikand-Girmizi Samukh-Kasaman Road Qiyasli, Samukh, Samukh Azerbaijan",46.4760679999999,40.731998, Samukh,,
Cemetery,Sarkar, Samukh, Azerbaijan,"Samukh-Yenikand-Girmizi Samukh-Kasaman Road Sarkar, Samukh, Samukh Azerbaijan",46.388687,40.767127, Samukh,,
Garabaghli Village Cemetery,Poylu, Samukh, Azerbaijan,"Poylu-Burungovag Road Poylu, Samukh, Samukh, AZ5120 Azerbaijan",46.267014,41.133326, Samukh,,
Cemetery,Sarkar, Samukh, Azerbaijan,"Samukh-Yenikand-Girmizi Samukh-Kasaman Road Sarkar, Samukh, Samukh Azerbaijan",46.388687,40.767127, Samukh,,
Cemetery,Chobanabdalli, Samukh, Azerbaijan,"Samux-�obanabdalli Yolu Chobanabdalli, Samukh, Samukh Azerbaijan",46.4199550000001,40.753046, Samukh,,
Persian Cemetery,Shusha, Shusha, Azerbaijan,"Shusha, Shusha Azerbaijan",46.75217,39.76713,,,
Bas K�ng�t q?birstanligi,Bash Kunjuth, Shaki, Azerbaijan,"B.Kunjut-B.Keldekh road Bash Kunjuth, Shaki, Shaki Azerbaijan",47.315869,41.15824, Shaki,,
Hinshen Cemetery,Hin Shen, Shusha, Azerbaijan,"Hin Shen, Shusha Azerbaijan",46.603241428242,39.638885262068,,,
Yeghtsahogh Cemetery,Yeghtsahogh, Shusha, Azerbaijan,"Yeghtsahogh, Shusha Azerbaijan",46.588947300594,39.678224731906,,,
Cemetery,Shusha, Shusha, Azerbaijan,"Shusha, Shusha Azerbaijan",46.746088,39.768369,,,
K�hn? q?birstanliq,Shamakhi, Shamakhi, Azerbaijan,"road Shamakhi, Shamakhi, Shamakhi Azerbaijan",48.65552,40.624529, Shamakhi,,
Bico Yal q?biristani,Bico, Shamakhi, Azerbaijan,"Bico - �arhan yolu Bico, Agsu, Shamakhi Azerbaijan",48.593157,40.550227, Agsu,,
S?h?r q?biristanligi,Sumqayit, Sumqayit, Azerbaijan,"Koroghlu Sumqayit, Sumqayit, Sumqayit, AZ5011 Azerbaijan",49.678258,40.569234, Sumqayit,,
Cemetery,Sumqayit, Sumqayit, Azerbaijan,"Samad Vurghun Sumqayit, Sumqayit Azerbaijan",49.719968,40.572855,,,
"Israfilov Nabi Mehdi oglunun qabri, Sixheybat kendi.1930-1996,27sentyabr ,Allah ",,Tovuz, Azerbaijan,H38 Tovuz Azerbaijan,45.549454,40.76354,,,
Cemetery,,Xankandi Sahari, Azerbaijan,Xankandi Sahari Azerbaijan,46.7599290000001,39.807522,,,
Artsakh War Memorial,Talish, Tartar, Azerbaijan,"Talish, Tartar Azerbaijan",46.746657152115,40.377262008512,,,
Memorial Complex of Stepanakert,Stepanakert, Xankandi Sahari, Azerbaijan,"Baghramyan street Stepanakert, Xankandi Sahari Azerbaijan 
                         
                    ",46.762763283398,39.81190611207,,http://www.armenian-genocide.org/Memorial.18/current_category.52/offset.20/memorials_detail.html,
Mariamadzor Cemetery,Mariamadzor, Xocav?nd, Azerbaijan,"Mariamadzor, Xocav?nd Azerbaijan",46.99996735582,39.573727635271,,,
Martuni Cemetery,,Xocav?nd, Azerbaijan,Xocav?nd Azerbaijan,47.108381288361,39.798142665647,,,
Kyuratagh Cemetery,?????????, Xocav?nd, Azerbaijan,"North-South Highway ?????????, Martuni, Xocav?nd Azerbaijan",47.048448,39.575611, Martuni,,
Jrakus Cemetery,Jrakus, Xocav?nd, Azerbaijan,"Jrakus, Xocav?nd Azerbaijan",47.016669,39.576839,,,
Herher Cemetery,Tsovategh, Xocav?nd, Azerbaijan,"Tsovategh, Xocav?nd Azerbaijan",46.953618,39.714024,,,
Khtsaberd Cemetery,Khtsaberd, Xocav?nd, Azerbaijan,"Khtsaberd, Xocav?nd Azerbaijan",46.768635,39.546612,,,
Artsakh War Memorial,Ashan, Xocav?nd, Azerbaijan,"Ashan, Xocav?nd Azerbaijan",46.999463635582,39.849807915093,,,
Azokh Cemetery,Azokh, Xocav?nd, Azerbaijan,"Azokh, Xocav?nd Azerbaijan",46.974322,39.625124,,,
Shehidler Xiyabani,Qakh, Qakh, Azerbaijan,"Heydar Aliyev Avenue Qakh, Qakh, Qakh, az3400 Azerbaijan",46.907829746033,41.416759137234, Qakh,,
Shehidler Xiyabani,Qakh, Qakh, Azerbaijan,"Heydar Aliyev Avenue Qakh, Qakh, Qakh, az3400 Azerbaijan",46.907848521496,41.416811434542, Qakh,,
Cemetery,,Ordubad, Azerbaijan,Ordubad Azerbaijan,46.036684,38.912848,,,
Vanand Village Cemetery,Vanand, Nakhchivan Autonomous Republic, Azerbaijan,"P?zm?ri k?nd yolu Vanand, Ordubad, Nakhchivan Autonomous Republic Azerbaijan",45.9237880000001,38.937839, Ordubad,,
Zeyv? K?nd Q?birstanligi,Sharur, Nakhchivan Autonomous Republic, Azerbaijan,"E002 Sharur, Nakhchivan Autonomous Republic Azerbaijan",45.000643,39.583956,,,
S?hidl?r Xiyabani,Ming?�evir, Mingachevir, Azerbaijan,"20 Januray Street Ming?�evir, Yevlakh, Mingachevir Azerbaijan",47.04814,40.761251, Yevlakh,,
Guba Cemetery,Quba, Quba, Azerbaijan,"Samad Vurghun Quba, Quba, Quba, AZ4000 Azerbaijan",48.5106040000001,41.357917, Quba,,
The old Cemetery,Yayci, Nakhchivan Autonomous Republic, Azerbaijan,"Torpagli Yayci, Julfa, Nakhchivan Autonomous Republic, AZ7221 Azerbaijan",45.726631,38.941723, Julfa,,
S?hidl?r Xiyabani,Julfa, Nakhchivan Autonomous Republic, Azerbaijan,"Azerbaijan Julfa, Julfa, Nakhchivan Autonomous Republic Azerbaijan",45.6259,38.956026, Julfa,,
Q?birstanliq,Nehram, Nakhchivan Autonomous Republic, Azerbaijan,"Nehram Road Nehram, Babek, Nakhchivan Autonomous Republic, AZ6719 Azerbaijan",45.469426,39.11245, Babek,,
Cemetery,Lerik, Lerik, Azerbaijan,"R48 Lerik, Lerik, Lerik Azerbaijan",48.411158,38.770997, Lerik,,
K?nd Qebirstanligi,Ming?�evir, Mingachevir, Azerbaijan,"Aydin Mammadov Ming?�evir, Yevlakh, Mingachevir, AZ 4500 Azerbaijan",47.051868,40.758774, Yevlakh,,
Sarovlu Q?bristanligi,Sarovlu, Goranboy, Azerbaijan,"Q?birstanliq yolu Sarovlu, Goranboy, Goranboy Azerbaijan",46.551378,40.681369, Goranboy,,
Kend Qebrstanligi,Separadi, Lankaran, Azerbaijan,"Zovle Village Road Separadi, L�nk�ran, Lankaran, AZ4245 Azerbaijan",48.706779,38.871689, L�nk�ran,,
Ki�ik Bazar Q?birsanligi,Lankaran, Lankaran, Azerbaijan,"S?hidl?r Xiyabani Lankaran, L�nk�ran, Lankaran Azerbaijan",48.8340900000001,38.772624, L�nk�ran,,
Boladi Cemetery,Boladi, Lankaran, Azerbaijan,"Boladi Village Road Boladi, L�nk�ran, Lankaran Azerbaijan",48.759905,38.892013, L�nk�ran,,
Vardadzor Cemetery,Nakhijevanik, Khojali, Azerbaijan,"Nakhijevanik, Khojali Azerbaijan",46.881449,39.905002,,,
Sarov q?bristantigi,Sarov, Goranboy, Azerbaijan,"Q?bristanliq yolu Sarov, Goranboy, Goranboy Azerbaijan",46.597631,40.733568, Goranboy,,
B�y�k Bazar Q?birsanligi,Lankaran, Lankaran, Azerbaijan,"Alat-Astara-Iran Highway Lankaran, L�nk�ran, Lankaran Azerbaijan",48.833902,38.741585, L�nk�ran,,
Juvarly Cemetery,F�zuli, Fizuli, Azerbaijan,"Varanda-Jrakan Route F�zuli, Fizuli, Fizuli Azerbaijan",47.124999,39.571895, Fizuli,,
Javad Khan Mausoleum,Ganja, Ganja, Azerbaijan,"Cavadkhan Ganja, Ganja, Ganja, AZ 2000 Azerbaijan",46.35981,40.676245, Ganja,,
Q?bristanliq,Ganja, Ganja, Azerbaijan,"M?hs?ti G?nc?vi k��?si Ganja, Ganja, Ganja Azerbaijan",46.347973,40.668023, Ganja,,
Q?birstanliq,Dalimammadli, Goranboy, Azerbaijan,"Y. Isg?nd?rov k��. Dalimammadli, Goranboy, Goranboy Azerbaijan",46.5882790000001,40.694069, Goranboy,,
Diri Baba m?qb?r?si,Qobustan M?r?z?, Gobustan, Azerbaijan,"Haydar Aliyev Qobustan M?r?z?, Gobustan, Gobustan Azerbaijan",48.932778,40.536667, Gobustan,,
Q?birstanlq,Qobustan M?r?z?, Gobustan, Azerbaijan,"M. Balakishiyev Qobustan M?r?z?, Gobustan, Gobustan Azerbaijan",48.926822,40.530186, Gobustan,,
Hangistaran,Buzluq, Goranboy, Azerbaijan,"Getashen Buzluq, Goygol, Goranboy Azerbaijan",46.434358,40.416098, Goygol,,
Sadilli Q?bristanligi,Sadili, Goranboy, Azerbaijan,"M2 Sadili, Goranboy, Goranboy Azerbaijan",46.574653,40.645239, Goranboy,,
Agamalioglu Q?bristanligi,Agamalioglu, Goranboy, Azerbaijan,"Q?bristanliq yolu Agamalioglu, Goranboy, Goranboy Azerbaijan",46.543221,40.697995, Goranboy,,
Qaradagli Q?brisdanligi,Nizami, Goranboy, Azerbaijan,"Sarisu k?nd yolu Nizami, Goranboy, Goranboy Azerbaijan",46.548918,40.644325, Goranboy,,
Kasaman Village Cemetery,K?s?m?n, Kakheti, Azerbaijan,"Unnamed Road K?s?m?n, Samux, Kakheti Azerbaijan",46.242730609787,41.17641988796, Samux,,
Salahli Village Cemetery,Salahli, Kakheti, Azerbaijan,"Salahli Road Salahli, Samukh, Kakheti Azerbaijan",46.287695,41.156806, Samukh,,
Burungovag Village Cemetery,Burungovag, Kakheti, Azerbaijan,"Poylu-Burungovag Road Burungovag, Samukh, Kakheti, AZ5133 Azerbaijan",46.4346370000001,41.103103, Samukh,,
Vaghuhas Cemetery,Vaghuhas, Kalbajar, Azerbaijan,"Vaghuhas, Kalbajar Azerbaijan",46.473607,40.111268,,,
Poghosagomer Cemetery,,Kalbajar, Azerbaijan,Kalbajar Azerbaijan,46.603984,40.124494,,,
Kochoghot Cemetery,,Kalbajar, Azerbaijan,Kalbajar Azerbaijan,46.585813,40.117288,,,
Armenian Cemetery in Old Jugha,Nakhchivan Autonomous Republic, Julfa, Azerbaijan,"12 Nakhchivan Autonomous Republic, Julfa Azerbaijan",45.565071,38.974001,,,
Vaghuhas Cemetery,Vaghuhas, Kalbajar, Azerbaijan,"Vaghuhas, Kalbajar Azerbaijan",46.479143288361,40.11706376654,,,
Harutyunagomer Cemetery,Harutyunagomer, Kalbajar, Azerbaijan,"Harutyunagomer, Kalbajar Azerbaijan",46.51094,40.117679,,,
Chapar Cemetery,Chapar, Kalbajar, Azerbaijan,"Chapar, Kalbajar Azerbaijan",46.4264029999999,40.161533,,,
Karvachar Cemetery,Kalbajar, Kalbajar, Azerbaijan,"Azatamartikneri Street Kalbajar, Kalbajar, Kalbajar Azerbaijan",46.050419,40.113334, Kalbajar,,
Memorial Park to the Warrior-Liberators,Bayadli, Kalbajar, Azerbaijan,"Drmbon-Dadivank-Karvachar Route Bayadli, Kalbajar, Kalbajar Azerbaijan",46.058705,40.119411, Kalbajar,,
Shosh Cemetery,,Khojali, Azerbaijan,Khojali Azerbaijan,46.786106,39.775492,,,
Sghnakh Cemetery,Sghnakh, Khojali, Azerbaijan,"Sghnakh, Khojali Azerbaijan",46.804883,39.721412,,,
Khantsk Cemetery,Khantsk, Khojali, Azerbaijan,"Khantsk, Khojali Azerbaijan",46.6776219999999,39.938291,,,
Khramort Cemetery,???????, Khojali, Azerbaijan,"Stepanakert-Askeran-Martakert Highway ???????, Aghdam, Khojali Azerbaijan",46.8385960000001,39.996046, Aghdam,,
Karkijahan Cemetery,,Khojali, Azerbaijan,Khojali Azerbaijan,46.742031,39.796434,,,
Askeran Cemetery,???????, Khojali, Azerbaijan,"Askeran-Khnapat Route ???????, Khojali, Khojali Azerbaijan",46.826012,39.943242, Khojali,,
Aygestan Cemetery,,Khojali, Azerbaijan,Khojali Azerbaijan,46.72673251786,39.881460650478,,,
Q?bristanligi,K�hn? Alvadi, Masally, Azerbaijan,"Alat-Astara-Iran Highway K�hn? Alvadi, Masally, Masally Azerbaijan",48.624824,39.059201, Masally,,
T?z? Q?biristanliq,Masally, Masally, Azerbaijan,"Qiziivar bas yol Masally, Masally Azerbaijan",48.6666230000001,38.966534,,,
�ayqiraq q?birstanliqi,Masally, Masally, Azerbaijan,"Leysan yolu Masally, Masally Azerbaijan",48.6867139999999,38.965283,,,
Q?birstanliq,Norashen, Nakhchivan Autonomous Republic, Azerbaijan,"R62 Norashen, Sharur, Nakhchivan Autonomous Republic Azerbaijan",44.988423,39.564054, Sharur,,
Lernavan Cemetery,Khnatsakh, Khojali, Azerbaijan,"Khnatsakh, Khojali Azerbaijan",46.744534068786,39.848395569655,,,
Askeran Stadium,???????, Khojali, Azerbaijan,"Stepanakert-Askeran-Martakert Highway ???????, Khojali, Khojali Azerbaijan",46.838662,39.938117, Khojali,,
Oglanqala K?nd Q?birstanligi,Diz?, Nakhchivan Autonomous Republic, Azerbaijan,"Diz?-Axura-Havus Yolu Diz?, Sharur, Nakhchivan Autonomous Republic Azerbaijan",45.046635,39.599231, Sharur,,
Oghuzkand Cemetery,Sharur, Nakhchivan Autonomous Republic, Azerbaijan,"E002 Sharur, Nakhchivan Autonomous Republic Azerbaijan",45.048361,39.52576,,,
Momine Khatun Mausoleum,Nakhchivan, Nakhchivan Autonomous Republic, Azerbaijan,"E002 Nakhchivan, Nakhchivan, Nakhchivan Autonomous Republic Azerbaijan",45.405556,39.212778, Nakhchivan,,
M?zarliq,Babak, Nakhchivan Autonomous Republic, Azerbaijan,"Babak Road Babak, Babek, Nakhchivan Autonomous Republic, AZ6700 Azerbaijan",45.436884,39.164238, Babek,,
Momine Khatun Mausoleum,Nakhchivan, Nakhchivan Autonomous Republic, Azerbaijan,"E002 Nakhchivan, Nakhchivan, Nakhchivan Autonomous Republic Azerbaijan",45.405556,39.212778, Nakhchivan,,
Mahmudk?nd Q?birstanligi,Sharur, Nakhchivan Autonomous Republic, Azerbaijan,"E002 Sharur, Nakhchivan Autonomous Republic Azerbaijan",45.016112,39.58049,,,
Cimeti�re,Babak, Nakhchivan Autonomous Republic, Azerbaijan,"Babak Road Babak, Babek, Nakhchivan Autonomous Republic, AZ6700 Azerbaijan",45.43713,39.156904, Babek,,
Goydere Village Cemetery,Goydere, Nakhchivan Autonomous Republic, Azerbaijan,"G�yd?r? yolu Goydere, Julfa, Nakhchivan Autonomous Republic Azerbaijan",45.669901,39.159065, Julfa,,
Dan yeri q?birstanligi,Danyeri, Nakhchivan Autonomous Republic, Azerbaijan,"E002 Danyeri, Sharur, Nakhchivan Autonomous Republic Azerbaijan",45.063901,39.491672, Sharur,,
Khanliglar Village Cemetery,Sharur, Nakhchivan Autonomous Republic, Azerbaijan,"Xanliqlar Yolu Sharur, Nakhchivan Autonomous Republic Azerbaijan",45.0256919999999,39.506623,,,
Cemetery of the victims of genocide in the years 1918-1921,Yayci, Nakhchivan Autonomous Republic, Azerbaijan,"Q?birstanliq �st� Yayci, Julfa, Nakhchivan Autonomous Republic, AZ7221 Azerbaijan",45.729774,38.937534, Julfa,,
Cemetery,Sharur, Nakhchivan Autonomous Republic, Azerbaijan,"Xanliqlar Yolu Sharur, Nakhchivan Autonomous Republic Azerbaijan",44.983202,39.497936,,,
Cimeti�re,Nakhchivan, Nakhchivan Autonomous Republic, Azerbaijan,"Jalil Mammadguluzadeh Nakhchivan, Nakhchivan, Nakhchivan Autonomous Republic Azerbaijan",45.411398,39.199023, Nakhchivan,,
Huseyn Javid Mausoleum,Nakhchivan, Nakhchivan Autonomous Republic, Azerbaijan,"R-49 Nakhchivan, Nakhchivan, Nakhchivan Autonomous Republic Azerbaijan",45.412126,39.214679, Nakhchivan,,
Cemetery,Payiz, Nakhchivan Autonomous Republic, Azerbaijan,"Yuxari Buzqov Yolu Payiz, Babek, Nakhchivan Autonomous Republic Azerbaijan",45.185644,39.422198, Babek,,
Cemetery,D?st?, Nakhchivan Autonomous Republic, Azerbaijan,"Deste bashi D?st?, Ordubad, Nakhchivan Autonomous Republic, AZ6913 Azerbaijan",45.9029880000001,38.882154, Ordubad,,
Cemetery,Nakhchivan, Nakhchivan Autonomous Republic, Azerbaijan,"Aziz Aliyev Road Nakhchivan, Nakhchivan, Nakhchivan Autonomous Republic Azerbaijan",45.4196919999999,39.225357, Nakhchivan,,
Cemetery,Babak, Nakhchivan Autonomous Republic, Azerbaijan,"Babak Road Babak, Babek, Nakhchivan Autonomous Republic, AZ6700 Azerbaijan",45.4270770000001,39.171544, Babek,,
Cemetery,Yayci, Nakhchivan Autonomous Republic, Azerbaijan,"Chingilli Yayci, Julfa, Nakhchivan Autonomous Republic Azerbaijan",45.7263780000001,38.943624, Julfa,,
Cemetery,Kerimbekhli, Nakhchivan Autonomous Republic, Azerbaijan,"Vaykhir Road Kerimbekhli, Babek, Nakhchivan Autonomous Republic Azerbaijan",45.4578309999999,39.278547, Babek,,
Q?birstanliq,Gabala, Qabala, Azerbaijan,"28 May Gabala, Q�b�l�, Qabala, AZ3600 Azerbaijan",47.847405,40.982436, Q�b�l�,,
Asagi Surra q?birsanligi,Surra, Neftchala, Azerbaijan,"Salyan-Neftcahala Highway Surra, Neftchala, Neftchala Azerbaijan",49.0051579999999,39.47802, Neftchala,,
?zizb?yli Q?birstanligi,Gazakh, Qazakh, Azerbaijan,"?liaga Sixllinski K��?si Gazakh, Qazakh, Qazakh Azerbaijan",45.349684,41.103219, Qazakh,,
Astanli Q?biristanligi,Astanli, Neftchala, Azerbaijan,"Salyan-Neftcahala Highway Astanli, Neftchala, Neftchala Azerbaijan",49.059155,39.430983, Neftchala,,
Dashmir Cemetery,Seyidqislaq, Qabala, Azerbaijan,"RD001 Seyidqislaq, Q�b�l�, Qabala Azerbaijan",47.937398,40.923454, Q�b�l�,,
Orta Salahli k?nd q?birstanligi,Qazakh, Qazakh, Azerbaijan,"M2 Qazakh, Qazakh Azerbaijan",45.317104,41.203628,,,
Cemetery,Gabala, Qabala, Azerbaijan,"Ismayil bay Gutgashinli Road Gabala, Q�b�l�, Qabala Azerbaijan",47.858014,40.98735, Q�b�l�,,
Das Salahli k?nd q?birstanligi,Dash Salahly, Qazakh, Azerbaijan,"Nazemi Dash Salahly, Qazakh, Qazakh Azerbaijan",45.245268,41.131145, Qazakh,,
Kosalar q?birstanligi,Qazakh, Qazakh, Azerbaijan,"Baki-?l?t-Qazax-G�rc�stan Qazakh, Qazakh Azerbaijan",45.352011,41.144313,,,
Agk�yn?k Q?birstanligi,Gazakh, Qazakh, Azerbaijan,"Baku-Alat-Gazakh-Georgia Highway Gazakh, Qazakh, Qazakh Azerbaijan",45.352806,41.077313, Qazakh,,
C?f?rli k?nd q?birstanligi,Jafarli, Qazakh, Azerbaijan,"R-23 Jafarli, Qazakh Azerbaijan",45.2467409999999,41.037481,,,
�ayli k?nd q?birstanligi,Chayly, Qazakh, Azerbaijan,"Qazax-?skipara Chayly, Qazakh, Qazakh Azerbaijan",45.304543,41.125011, Qazakh,,
Canalli q?birstanligi,Qazakh, Qazakh, Azerbaijan,"M2 Qazakh, Qazakh Azerbaijan",45.342159,41.120577,,,
Alpoud k?nd q?biristanligi,Alpoud, Qazakh, Azerbaijan,"Qazax-?skipara Alpoud, Qazakh, Qazakh Azerbaijan",45.211047,41.084786, Qazakh,,
Q?bristanliq,Qaradagli, Barda, Azerbaijan,"R-28 Qaradagli, Barda, Barda Azerbaijan",47.127447,40.398423, Barda,,
Shaghan Cementery,Mardakjan, Baku, Azerbaijan,"Mardakjan, Baku, Baku Azerbaijan",50.136202,40.49171, Baku,,
Baki-Quba-Rusiya yolu,Baku, Azerbaijan, Azerbaijan,"Baki-Quba-Rusiya yolu Baku, Azerbaijan Azerbaijan",49.804763,40.417063,,,
Qarapapaq Q?birstanligi,Qazax, Agstafa, Azerbaijan,"D�ng?5 Qazax, Qazakh, Agstafa Azerbaijan",45.378188,41.087428, Qazakh,,
M?rk?zi Q?birstanliq,Qazax, Agstafa, Azerbaijan,"D�ng? 21 Qazax, Qazakh, Agstafa Azerbaijan",45.368282,41.097037, Qazakh,,
Agshu City Cemetery,Agsu, Agsu, Azerbaijan,"Baku-Shamakhi-Yevlakh Highway Agsu, Agsu, Agsu Azerbaijan",48.41745,40.5767, Agsu,,
Poylu k?nd q?bristanligi,Poylu, Agstafa, Azerbaijan,"R24 Poylu, Agstafa, Agstafa Azerbaijan",45.4421649999999,41.159423, Agstafa,,
S?hidl?r Xiyabani,Agjabedi, Aghjabadi, Azerbaijan,"M?mm?d ?min R?sulzad? prospekti Agjabedi, Agjabadi, Aghjabadi Azerbaijan",47.4371619999999,40.053159, Agjabadi,,
Cemetery,Jannusan, Northern, Bahrain,"Road No 255 Jannusan, Northern Bahrain",50.499653,26.226598,,,
Yasamal cemetery,Baku, Absheron, Azerbaijan,"Abbas Mirza Sharifzadeh str. Baku, Baku, Absheron, 1033 Azerbaijan",49.808420587083,40.368578638519, Baku,,
Tulaguvan Cemetery,Sipiapart, Astara, Azerbaijan,"Sipiapart Road Sipiapart, Astara, Astara Azerbaijan",48.774775,38.549664, Astara,,
Punta Gorda Cemetery,Punta Gorda, Toledo, Belize,"George Price Street Punta Gorda, Toledo Belize",-88.808640350857,16.0925,,,
Cemetery,,Orange Walk, Belize,Orange Walk Belize,-88.560986,18.076672,,,
Cemetery,Barbar, Northern, Bahrain,"Road No 2428 Barbar, Northern Bahrain",50.47896,26.2291,,,
Placencia Burial Ground,Placencia, Stann Creek, Belize,"Placencia Sidewalk Placencia, Stann Creek Belize",-88.369267,16.519936,,,
????? ?????,Jid Ali, Capital, Bahrain,"Road 2148 Jid Ali, Capital, 814 Bahrain",50.5579720000001,26.178153,,,
Lord Ridge Cemetery,Belize City, Belize City, Belize,"Cemetery Road Belize City, Belize City, 1021 Belize",-88.20259,17.49694,,,
Yarborough Cemetery,Belize City, Belize City, Belize,"Yarbourough Road Belize City, Belize City, 1021 Belize",-88.189868,17.488047,,,
San Antonio Cementery,San Antonio, Cayo, Belize,"Noh Beh Ox Mul San Antonio, Cayo Belize",-89.024947373016,17.077138639513,,,
Fort George Memorial,Belize City, Belize City, Belize,"Taiwan Street Belize City, Belize City, SUITE 205 Belize",-88.18192,17.49475,,,
Belize City Cemetery,Belize City, Belize City, Belize,"George Price Highway Belize City, Belize City, 1021 Belize",-88.206451,17.498652,,,
Cemetery,Belmop�n, Cayo, Belize,"Belmop�n, Cayo Belize",-88.761876,17.251214,,,
Cemetery,,Cayo, Belize,Cayo Belize,-88.846929,17.335748,,,
Caye Caulker Cemetery,Belize City, Belize District, Belize,"Luciano Reyes Street Belize City, Belize District, 17001 Belize",-88.024635889549,17.740140218661,,,
Cemetery,Corozal, Corozal, Belize,"5th Avenue Corozal, Corozal Belize",-88.3829,18.39833,,,
Roaring Creek Cemetery,Belmopan, Cayo, Belize,"George Price Highway Belmopan, Cayo, POB219 Belize",-88.800394373016,17.259508525665,,,
Manama Cemetery,Manama, Capital, Bahrain,"Road No 905 Manama, Capital Bahrain",50.581516,26.223947,,,
Manama Cemetery,Manama, Capital, Bahrain,"Khalaf Al Asfoor Ave Manama, Capital Bahrain",50.584428,26.230688,,,
Nabih Saleh Shrine,Nabih Saleh, Capital, Bahrain,"Avenue 82 Nabih Saleh, Capital, 814 Bahrain",50.580546,26.179426,,,
Jewish Cemetery,Manama, Capital, Bahrain,"Road No 806 Manama, Capital Bahrain",50.585936,26.22835,,,
Cemetery,Abu Al Aish, Capital, Bahrain,"Road 733 Abu Al Aish, Capital, 604 Bahrain",50.622651,26.157219,,,
Cemetery,Al Kharjiya, Capital, Bahrain,"Road 659 Al Kharjiya, Capital, 604 Bahrain",50.607668,26.160318,,,
Cemetery,Tubli, Capital, Bahrain,"Road 537 Tubli, Capital, 701 Bahrain",50.548176,26.18433,,,
Cemetery,Al Nasfa, Capital, Bahrain,"Road 3325 Al Nasfa, Capital, 743 Bahrain",50.58055,26.16333,,,
Cemetery,Jurdab, Capital, Bahrain,"Road 2913 Jurdab, Capital, 814 Bahrain",50.5709939999999,26.172747,,,
Aleker Cemetery,Eastern Aker, Capital, Bahrain,"Road 2342 Eastern Aker, Capital, 119 Bahrain",50.6096680000001,26.144062,,,
Qobu cemetery,Baku, Absheron, Azerbaijan,"City Bypass Road Baku, Absheron Azerbaijan",49.715071,40.41105,,,
Shahidlar Khiyabani,Baku, Absheron, Azerbaijan,"Teymur Elchin Street Baku, Baku, Absheron, 1010 Azerbaijan",49.828197084656,40.356742229695, Baku,,
Old Jewish Cemetery,Baku, Absheron, Azerbaijan,"Matbuat ave. Baku, Baku, Absheron, 1006 Azerbaijan",49.814506637642,40.362212524724, Baku,,
T?z? q?biristanliq,Baku, Absheron, Azerbaijan,"?????????? ???? Baku, Absheron Azerbaijan",49.851131,40.528964,,,
Cemetery,Baku, Absheron, Azerbaijan,"Nariman Narimanov Baku, Baku, Absheron Azerbaijan",49.761702,40.448742, Baku,,
Samaheej Cemetery,Samaheej, Muharraq, Bahrain,"Ave 18 Samaheej, Muharraq Bahrain",50.634154,26.282072,,,
Galali Graveyard,Samaheej, Muharraq, Bahrain,"Aradous Highway Samaheej, Muharraq Bahrain",50.641445,26.274084,,,
Busaiteen Cemetery,Busaiteen, Muharraq, Bahrain,"Road No 2705 Busaiteen, Muharraq Bahrain",50.611312,26.265816,,,
Al Hidd Cemetery,Al Hidd, Muharraq, Bahrain,"Road No 301 Al Hidd, Muharraq Bahrain",50.653114,26.251893,,,
Imarat Cemetery,Hakaku, Agdam, Azerbaijan,"Akna-Martuni Route Hakaku, Aghdam, Agdam Azerbaijan",46.939104,39.992869, Aghdam,,
Mirashelli Village Cemetery,Nor Karmiravan, Agdam, Azerbaijan,"Stepanakert-Askeran-Martakert Highway Nor Karmiravan, Martakert, Agdam Azerbaijan",47.0344250000001,40.136697, Martakert,,
Shahrakkan Cemetery,Shahrakan, Northern, Bahrain,"Road No 4432 Shahrakan, Northern Bahrain",50.503048,26.074889,,,
Akna Cemetery,Aghdam, Agdam, Azerbaijan,"Stepanakert-Askeran-Martakert Highway Aghdam, Agdam Azerbaijan",46.861626,39.972519,,,
Malkiyah Graveyard,Malkiya, Northern, Bahrain,"Road No 3352 Malkiya, Northern Bahrain",50.482679,26.096998,,,
Mugaba Cemetery,Saar, Northern, Bahrain,"Avenue 9 Saar, Northern Bahrain",50.483487,26.215135,,,
Jabalat Habshi Child Cemetery,Jabalt Hibshi, Northern, Bahrain,"Avenue31 Jabalt Hibshi, Northern Bahrain",50.5293859999999,26.216395,,,
Diraz Cemetery,Diraz, Northern, Bahrain,"Road No 4225 Diraz, Northern Bahrain",50.463771,26.225058,,,
Karzakan Cemetery,Karzakan, Northern, Bahrain,"Road No 2636 Karzakan, Northern Bahrain",50.484457,26.114419,,,
Jabalat Habshi Cemetery,Jabalt Hibshi, Northern, Bahrain,"Road No 3125 Jabalt Hibshi, Northern Bahrain",50.531154,26.216492,,,
Budaiya Cemetery,Budaiya, Northern, Bahrain,"Road No 5312 Budaiya, Northern Bahrain",50.454399,26.209329,,,
New Christian Cemetery,Salmabad, Northern, Bahrain,"Road 411 Salmabad, Northern, SALMABAD Bahrain",50.533654,26.186212,,,
Cemetery,Manama, Northern, Bahrain,"Al-Nakheel Highway Manama, Northern, 450 Bahrain",50.5142060000001,26.226717,,,
Abu Saiba Cemetery,Abu Saiba'a, Northern, Bahrain,"Road No 7159 Abu Saiba'a, Northern Bahrain",50.504684,26.217627,,,
Imamzad?,Barda, Barda, Azerbaijan,"N�sab? Barda, Barda, Barda Azerbaijan",47.128395,40.379951, Barda,,
Bani Jamra Cemetery,Bani Jamra, Northern, Bahrain,"Road No 4109 Bani Jamra, Northern Bahrain",50.460862,26.213914,,,
Alsadah Cemetery,Barbar, Northern, Bahrain,"Road No 2629 Barbar, Northern Bahrain",50.4834060000001,26.231404,,,
Calingiri Cemetery,Calingiri, Western Australia, Australia,"31 Yulgering Rd Calingiri, Western Australia, 6569 Australia",116.453028,-31.086311,,,
Auvergne Station Cemetery,Bulla, Northern Territory, Australia,"National Highway 1 Bulla, Victoria Daly Region, Northern Territory, 0852 Australia",130.009,-15.685, Victoria Daly Region,,
Delamere Old Station Cemetery,Delamere, Northern Territory, Australia,"LOT 3527 Delamere Rd Delamere, Victoria Daly Region, Northern Territory, 0852 Australia",131.534,-15.732, Victoria Daly Region,,
Wave Hill Cemetery,Daguragu - Kalkarindji, Northern Territory, Australia,"29 Janama Street Daguragu - Kalkarindji, Victoria Daly Region, Northern Territory, 0852 Australia",130.829,-17.448, Victoria Daly Region,,
Roper Bar graves (Johnston),Limmen, Northern Territory, Australia,"Roper Hwy Limmen, Northern Territory, 0852 Australia",134.508101,-14.714442,,,
Rennar Springs Lone Graves,Pamayu, Northern Territory, Australia,"Stuart Highway Pamayu, Barkly Region, Northern Territory, 0862 Australia",133.797356,-18.322911, Barkly Region,,
Wongalara Station Cemetery,Flying Fox, Northern Territory, Australia,"Flying Fox, Northern Territory, 0852 Australia",134.476,-14.115,,,
Wollogorang Station Cemetery,Calvert, Northern Territory, Australia,"Carpentaria Hwy Calvert, Northern Territory, 4830 Australia",137.947,-17.211,,,
Dargo Cemetery,Dargo, Victoria, Australia,"141 Lind Ave Dargo, Victoria, 3862 Australia",147.249091,-37.460399,,,
Darlingford Cemetery,Lake Eildon, Victoria, Australia,"603 Jerusalem Creek Rd Lake Eildon, Victoria, 3713 Australia",146.021047,-37.235658,,,
Digby Uniting Church ,Digby, Victoria, Australia,"3229 Portland-Casterton Road Digby, Victoria Australia",141.531006,-37.80555,,,
Digby Uniting Church ,Digby, Victoria, Australia,"3229 Portland-Casterton Road Digby, Victoria Australia",141.531006,-37.80555,,,
Dookie War Memorial ,Dookie, Victoria, Australia,"89 Mary Street Dookie, Victoria Australia",145.683227,-36.327612,,,
Dunkeld Cemetery,Dunkeld, Victoria, Australia,"47 Cemetery Road Dunkeld, Southern Grampians Shire, Victoria Australia",142.345509,-37.633176, Southern Grampians Shire,,
Darwin Chinese Cemetery,Darwin, Northern Territory, Australia,"Flinders Drive Darwin, City of Darwin, Northern Territory, 0800 Australia",130.848799,-12.445471, City of Darwin,,
Corinella Cemetery,Corinella, Victoria, Australia,"50 Cemetery Rd Corinella, Victoria, 3984 Australia",145.48461,-38.43633,,,
Gelantipy Cemetery,Gelantipy, Victoria, Australia,"4174 Gelantipy Rd Gelantipy, Victoria, 3885 Australia",148.267666,-37.192422,,,
Dandenong Cemetery,Melbourne, Victoria, Australia,"17a Kirkham Road Melbourne, Victoria, 3175 Australia",145.214301,-38.000279,,,
Grave of Kitty Cane,Thomson, Victoria, Australia,"Walhalla Rd Thomson, Victoria, 3825 Australia",146.369769,-37.735565,,,
Dunkeld Cemetery,Dunkeld, Victoria, Australia,"47 Cemetery Road Dunkeld, Victoria, 3294 Australia",142.345285,-37.633149,,,
Grave of James Stewart,Buchan, Victoria, Australia,"LOT 1 Slippery Pinch Rd Buchan, Victoria, 3885 Australia",148.170547,-37.463001,,,
Gundaroo - Saint Luke Church/Graveyard,Gundaroo, New South Wales, Australia,"1045 Shingle Hill Way Gundaroo, New South Wales, 2620 Australia",149.2608,-35.0825,,,
Ellerslie Cemetery,Ellerslie, Victoria, Australia,"286 Ellerslie-Panmure Rd Ellerslie, Victoria, 3265 Australia",142.689012,-38.157989,,,
Yulgibar grave,Baryulgil, New South Wales, Australia,"351 Lionsville Rd Baryulgil, New South Wales, 2460 Australia",152.57297,-29.218072,,,
Yuranighs Historical Aboriginal Site,Molong, New South Wales, Australia,"LOT 2 Orange Rd Molong, New South Wales, 2866 Australia",148.882646,-33.122086,,,
Grave of Mary Ann Smythe,Traralgon, Victoria, Australia,"17 Princes Street Traralgon, Latrobe City, Victoria, 3844 Australia",146.54092,-38.19782, Latrobe City,,
Yetman Cemetery,Yetman, New South Wales, Australia,"17565 Bruxner Hwy Yetman, New South Wales, 2410 Australia",150.760723,-28.907889,,,
Yerranderie General Cemetery,Yerranderie, New South Wales, Australia,"Yerranderie St Yerranderie, New South Wales Australia",150.2252,-34.11391,,,
Heyfield  Cemetery,Heyfield, Victoria, Australia,"135 Tyson Road Heyfield, Victoria, 3858 Australia",146.78565379366,-37.965796207711,,,
Irishtown graves,Irishtown, Victoria, Australia,"Campbells Creek-Frye Rd Irishtown, Victoria, 3451 Australia",144.234761,-37.146553,,,
Kurweeton Road Cemetery,Derrinallum, Victoria, Australia,"809 Kurweeton Road Derrinallum, Victoria Australia",143.13710541464,-38.049319074489,,,
Grave of Little Dan the Cook,Orbost, Victoria, Australia,"28 Forest Rd Orbost, Victoria, 3888 Australia",148.451943,-37.707095,,,
Greenway Chapel and Memorial Gardens,Central Coast, New South Wales, Australia,"460 Avoca Drive Central Coast, New South Wales, 2251 Australia",151.37342,-33.46408,,,
Geelong Western Cemetery,Geelong, Victoria, Australia,"93-95 Minerva Road Geelong, Victoria, 3218 Australia 
                         
                    ",144.3269,-38.13573,,http://www.gct.net.au,
Italian Ossario/Murchison Cemetery,Murchison, Victoria, Australia,"LOT 4 Willoughby St Murchison, Victoria, 3610 Australia",145.22331,-36.6267,,,
Gundagai South Cemetery,South Gundagai, New South Wales, Australia,"Gocup Road South Gundagai, Cootamundra-Gundagai Regional Council, New South Wales, 2722 Australia",148.091948,-35.096553, Cootamundra-Gundagai Regional Council,,
Young Cemetery,Young, New South Wales, Australia,"9 Cunich Street Young, Young Shire Council, New South Wales, 2594 Australia",148.28819873957,-34.325901957736, Young Shire Council,,
Illabo Cemetery,Illabo, New South Wales, Australia,"Olympic Hwy Illabo, New South Wales, 2590 Australia",147.717962,-34.824866,,,
Young Lawn Cemetery,Young, New South Wales, Australia,"LOT 2 Thornhill Street Young, New South Wales, 2594 Australia",148.28663,-34.32513,,,
Yerranderie - Lone grave ,Yerranderie, New South Wales, Australia,"The Sheepwalk Dr - nr Anglican Church site Yerranderie, New South Wales, 2787 Australia",150.220376,-34.119261,,,
Young Cemetery,Young, New South Wales, Australia,"LOT 461 Hennessy Place Young, New South Wales, 2594 Australia",148.28763,-34.32561,,,
Yetholme Cemetery,Yetholme, New South Wales, Australia,"40 Porters Ln Yetholme, New South Wales, 2795 Australia",149.818502,-33.448001,,,
Yass General Cemetery,Yass, New South Wales, Australia,"28 Irvine Drive Yass, New South Wales, 2582 Australia",148.89711519826,-34.837031100579,,,
Yarraman Cemetery,Blackville, New South Wales, Australia,"LOT 7300 Bundella Rd Blackville, New South Wales, 2343 Australia",150.206987,-31.602351,,,
Yerranderie Cemetery,Blue Mountains National Park South, New South Wales, Australia,"LOT 57 Quig St Blue Mountains National Park South, New South Wales, 2570 Australia",150.225129,-34.106016,,,
Yerong Creek Cemetery,Yerong Creek, New South Wales, Australia,"LOT 51 Mittagong Yerong Creek Rd Yerong Creek, New South Wales, 2642 Australia",147.023206,-35.376943,,,
Yarrahapinni General Cemetery,Yarrahapinni, New South Wales, Australia,"LOT 202 Stuarts Point Rd Yarrahapinni, New South Wales, 2441 Australia",152.975197,-30.822608,,,
Yambulla Cemetery,Yambulla, New South Wales, Australia,"Yambulla Rd Yambulla, New South Wales, 2550 Australia",149.565918,-37.215565,,,
Yarara lone grave,Yarara, New South Wales, Australia,"McGinnitys Gap Rd Yarara, New South Wales, 2644 Australia",147.660383,-35.740998,,,
Yantabulla Cemetery,Yantabulla, New South Wales, Australia,"Dowling Track Yantabulla, Bourke Shire Council, New South Wales, 2840 Australia",145.000927,-29.350908, Bourke Shire Council,,
Yass Lawn Cemetery,Yass, New South Wales, Australia,"LOT 1 Irvine Drive Yass, New South Wales, 2582 Australia",148.89468,-34.83166,,,
Yabtree graves,Mundarlo, New South Wales, Australia,"263 Yabtree Rd Mundarlo, Cootamundra-Gundagai Regional Council, New South Wales, 2729 Australia",147.776971,-35.099886, Cootamundra-Gundagai Regional Council,,
Yenda Cemetery,Yenda, New South Wales, Australia,"LOT 626 Northern Branch Canal Rd Yenda, New South Wales, 2681 Australia",146.226869,-34.241031,,,
Yalwal Cemetery,Buangla, New South Wales, Australia,"LOT 7307 Yalwal Rd Buangla, New South Wales, 2540 Australia",150.384378,-34.930521,,,
Yeoval Cemetery,North Yeoval, New South Wales, Australia,"LOT 1 Tremain Dr North Yeoval, New South Wales, 2868 Australia",148.661435,-32.736841,,,
Yarramalong (Saint Barnabas) Churchyard,Yarramalong, New South Wales, Australia,"1669 Yarramalong Rd Yarramalong, New South Wales, 2259 Australia",151.27592,-33.21882,,,
Yarramalong Cemetery,Yarramalong, New South Wales, Australia,"1468-1511 Yarramalong Rd Yarramalong, New South Wales, 2259 Australia",151.288058,-33.226318,,,
Yass Anglican Church,Yass, New South Wales, Australia,"19 Pritchett Street Yass, Yass Valley Council, New South Wales, 2582 Australia",148.912889,-34.838963, Yass Valley Council,,
Wyan General Cemetery,Wyan, New South Wales, Australia,"Rappville Rd Wyan, New South Wales, 2469 Australia",152.882674,-29.074081,,,
Wybong Cemetery,Wybong, New South Wales, Australia,"LOT 86 Yarraman Rd Wybong, New South Wales, 2333 Australia",150.63715,-32.277037,,,
Yass General Cemetery,Yass, New South Wales, Australia,"Irvine Drive Yass, New South Wales, 2582 Australia",148.89554,-34.83522,,,
Yalgogrin Cemetery,North Yalgogrin, New South Wales, Australia,"Youngareen Rd North Yalgogrin, New South Wales, 2671 Australia",146.83042,-33.836736,,,
Woronora - Bathurst,Bathurst, New South Wales, Australia,"131 Havannah Street Bathurst, Bathurst Regional Council, New South Wales Australia",149.5801178,-33.4263656, Bathurst Regional Council,,
Wyndham Cemetery,Wyndham, New South Wales, Australia,"LOT 1 Clarke St Wyndham, New South Wales, 2550 Australia",149.648423,-36.933396,,,
Wooloweyah  - Angourie/Yamba Cemetery,Wooloweyah, New South Wales, Australia,"LOT 201 Angourie Rd Wooloweyah, New South Wales, 2464 Australia",153.350837,-29.465681,,,
Woolomin Cemetery,Woolomin, New South Wales, Australia,"LOT 238 Woolomin Gap Rd Woolomin, New South Wales, 2340 Australia",151.158249,-31.296704,,,
Wyee Cemetery,Wyee, New South Wales, Australia,"51 Summerhayes Rd Wyee, New South Wales, 2259 Australia",151.494176,-33.174941,,,
Worrigee Cemetery,Worrigee, New South Wales, Australia,"300 Greenwell Point Rd Worrigee, New South Wales, 2540 Australia",150.637106,-34.889513,,,
Worth graves,Coolongolook, New South Wales, Australia,"211 Curreeki Creek Rd Coolongolook, New South Wales, 2423 Australia",152.31544840713,-32.231956528783,,,
Woolbrook Cemetary,Woolbrook, New South Wales, Australia,"44 Back Woolbrook Road Woolbrook, Tamworth Regional Council, New South Wales Australia",151.2997389,-30.9186664, Tamworth Regional Council,,
Wyee Bethshan Cemetery,Wyee, New South Wales, Australia,"Tingley Rd Wyee, New South Wales, 2259 Australia",151.472661,-33.170285,,,
Woodstock Cemetery,Woodstock, New South Wales, Australia,"LOT 198 Reg Hailstone Way Woodstock, New South Wales, 2793 Australia",148.856951,-33.757026,,,
Woongarrah,Central Coast, New South Wales, Australia,"147-151 Hakone Road Central Coast, Wyong Shire Council, New South Wales, 2259 Australia",151.476683,-33.236969, Wyong Shire Council,,
Woomargama Cemetery,Woomargama, New South Wales, Australia,"National Highway 31 Woomargama, New South Wales, 2644 Australia",147.257802,-35.830653,,,
Woonona - Saint Andrew's Presbyterian Churchyard *,Wollongong, New South Wales, Australia,"7 Gray Street Wollongong, New South Wales, 2517 Australia",150.90703,-34.34676,,,
Woodhill Cemetery,Woodhill, New South Wales, Australia,"91 Wattamolla Rd Woodhill, New South Wales, 2535 Australia",150.682399,-34.724978,,,
Woodhouselee (Saint James) Anglican Churchyard,Woodhouselee, New South Wales, Australia,"LOT 1 Woodhouselee Rd Woodhouselee, New South Wales, 2580 Australia",149.63031,-34.55819,,,
Woodenbong Cemetery,Woodenbong, New South Wales, Australia,"LOT 7004 Clarence Way Woodenbong, New South Wales, 2476 Australia",152.611492,-28.400857,,,
Wongwibinda Cemetery,Bundarra, New South Wales, Australia,"LOT 123 Thunderbolts Way Bundarra, New South Wales, 2359 Australia",151.152276,-30.281787,,,
Woodlawn Memorial Park,Balranald Shire Council, New South Wales, Australia,"Balranald Shire Council, New South Wales, 2715 Australia",143.16242064518,-33.473955853366,,,
Wongarbon Cemetery,Wongarbon, New South Wales, Australia,"29L Veechs Rd Wongarbon, New South Wales, 2831 Australia",148.759201,-32.30355,,,
Womboyn Lake Cemetery,Wonboyn, New South Wales, Australia,"LOT 7 Wonboyn Rd Wonboyn, New South Wales, 2551 Australia",149.902074,-37.246421,,,
Woronora Cemetery,Sydney, New South Wales, Australia,"Sydney, Sutherland Shire Council, New South Wales, 2232 Australia",151.05198056339,-34.033550592154, Sutherland Shire Council,,
Wollongong Pioneer Park,Wollongong, New South Wales, Australia,"LOT 7045 Cnr Bank St & Kembla St Wollongong, New South Wales Australia",150.89726,-34.429089,,,
Woolgoolga Cemetery *,Safety Beach, New South Wales, Australia,"Centenary Drive Safety Beach, New South Wales, 2456 Australia",153.194625,-30.100119,,,
Woodsreef Cemetery,Woodsreef, New South Wales, Australia,"LOT 46 Linton Rd Woodsreef, New South Wales, 2347 Australia",150.748436,-30.385315,,,
Woola Mt Cole Cemetery,Taree, New South Wales, Australia,"Woola Road Taree, New South Wales, 2430 Australia",152.443999229,-31.885763121614,,,
Woolbrook Cemetery,Woolbrook, New South Wales, Australia,"142 Campfire Rd Woolbrook, New South Wales, 2354 Australia",151.344802,-30.979044,,,
Wollongong - Marine Drive Graves ,Wollongong, New South Wales, Australia,"Marine Dr Wollongong, New South Wales, 2500 Australia",150.904133,-34.425211,,,
Woodburn Cemetery,Woodburn, New South Wales, Australia,"52-77 Creek St Woodburn, New South Wales, 2472 Australia",153.336267,-29.079894,,,
Wollongong ,Wollongong, New South Wales, Australia,"218 Berkeley Road Wollongong, Wollongong City Council, New South Wales, 2526 Australia",150.850185,-34.4585, Wollongong City Council,,
Wollombi Wesleyan Burial Ground,Wollombi, New South Wales, Australia,"LOT 7003 Paynes Crossing Rd Wollombi, New South Wales, 2325 Australia",151.137478,-32.933406,,,
Wollar - Saint Luke Anglican Church/Graveyard,Wollar, New South Wales, Australia,"13 Barigan Rd Wollar, New South Wales, 2850 Australia",149.95087,-32.36434,,,
Wombarra Cemetery,Wollongong, New South Wales, Australia,"575a Lawrence Hargrave Drive Wollongong, New South Wales, 2515 Australia",150.95449,-34.280549,,,
Wollar Cemetery,Wollar, New South Wales, Australia,"LOT 7302 Fitzgerald St Wollar, New South Wales, 2850 Australia",149.947231,-32.359077,,,
Wolumla Cemetery,South Wolumla, New South Wales, Australia,"LOT 1 Old Soldiers Rd South Wolumla, New South Wales, 2550 Australia",149.779486,-36.819626,,,
Wombat Cemetery,Wombat, New South Wales, Australia,"152 Racecreek Rd Wombat, New South Wales, 2587 Australia",148.222603,-34.424398,,,
Wingenbah lone graves,Bourbah, New South Wales, Australia,"LOT 48 Gular Quambone Rd Bourbah, New South Wales, 2828 Australia",148.1142,-31.19086,,,
Winton Cemetery,Winton, New South Wales, Australia,"1389 New Winton Rd Winton, New South Wales, 2344 Australia",150.73607,-31.079003,,,
Wingen Cemetery,Wingen, New South Wales, Australia,"LOT 7300 Petwynn Vale Rd Wingen, New South Wales, 2337 Australia",150.867348,-31.894174,,,
Wingello Cemetery,Wingello, New South Wales, Australia,"LOT 207 Wombat Ln Wingello, New South Wales, 2579 Australia",150.169158,-34.691856,,,
"Windy Gully Cemetery, Kembla Heights",Wollongong, New South Wales, Australia,"129 Cordeaux Road Wollongong, New South Wales, 2526 Australia",150.80075,-34.43584,,,
Wollongong Lawn Cemetery,Wollongong, New South Wales, Australia,"200 Wyllie Road Wollongong, New South Wales, 2526 Australia",150.82264,-34.4661,,,
Wollongong Cemetery,Wollongong, New South Wales, Australia,"Corner Kenny and Swan Streets Wollongong, Wollongong City Council, New South Wales, 2500 Australia",150.88926,-34.43689, Wollongong City Council,,
Wollongong Memorial Gardens,Wollongong, New South Wales, Australia,"176 Berkeley Road Wollongong, New South Wales, 2506 Australia",150.8529,-34.46499,,,
Wollombi Cemetery,Wollombi, New South Wales, Australia,"2855 Wollombi Rd Wollombi, New South Wales, 2325 Australia",151.145641,-32.937323,,,
Windsor - Saint Matthew's Catholic Church Graveyard,Sydney, New South Wales, Australia,"8 Little Church Street Sydney, New South Wales, 2756 Australia",150.81586,-33.60877,,,
Wisemans Ferry Cemetery,Wisemans Ferry, New South Wales, Australia,"Singleton Road Wisemans Ferry, New South Wales, 2775 Australia",151.00769,-33.40323,,,
Wollomba (Failford/Nabiac) Cemetery,Possum Brush, New South Wales, Australia,"9 St Peters Close Possum Brush, New South Wales, 2430 Australia",152.424677,-32.080996,,,
Windellama Cemetery,Quialigo, New South Wales, Australia,"LOT 1 Lumley Rd Quialigo, New South Wales, 2580 Australia",149.797886,-34.984985,,,
Wingham Cemetery,Wingham, New South Wales, Australia,"71 Glenyarra Rd Wingham, New South Wales, 2429 Australia",152.346145,-31.879981,,,
Windsor Presbyterian Cemetery,Sydney, New South Wales, Australia,"8 Church Street Sydney, New South Wales, 2756 Australia",150.810121,-33.613882,,,
Wildes Meadow Cemetery,Burrawang, New South Wales, Australia,"324 Wildes Meadow Rd Burrawang, New South Wales, 2577 Australia",150.520119,-34.601633,,,
William Fletchers Grave,Nerrigundah, New South Wales, Australia,"38 Gulph Creek Rd Nerrigundah, New South Wales, 2545 Australia",149.899408,-36.111434,,,
Windsor - Saint Matthew's Anglican Church Graveyard,Sydney, New South Wales, Australia,"5 Moses Street Sydney, New South Wales, 2756 Australia",150.81153,-33.60903,,,
Windeyer Catholic Cemetery,Windeyer, New South Wales, Australia,"LOT 338 Windeyer Rd Windeyer, New South Wales, 2850 Australia",149.548709,-32.795039,,,
Windeyer Cemetery 1856 ,Windeyer, New South Wales, Australia,"LOT 287 Wilson Rd Windeyer, New South Wales, 2850 Australia",149.541639,-32.774709,,,
Windsor South Cemetery *,Sydney, New South Wales, Australia,"2 Hawkesbury Valley Way Sydney, New South Wales, 2756 Australia",150.814179,-33.612411,,,
Wiangaree Cemetery,West Wiangaree, New South Wales, Australia,"LOT 7002 Summerland Way West Wiangaree, New South Wales, 2474 Australia",152.952797,-28.500263,,,
Wilcannia Cemetery,Wilcannia, New South Wales, Australia,"LOT 1 Steve Hutton Rd Wilcannia, Central Darling Shire Council, New South Wales, 2836 Australia",143.366239,-31.574696, Central Darling Shire Council,,
Willsons Downfall Cemetery,Liston, New South Wales, Australia,"4562-4952 Mt Lindesay Rd Liston, New South Wales, 2372 Australia",152.0835,-28.68353,,,
Windellama - Saint Bartholomew Anglican Church Graveyard,Windellama, New South Wales, Australia,"LOT 96 Windellama Rd Windellama, New South Wales, 2580 Australia",149.86328,-35.01367,,,
Willow Tree Cemetery,Willow Tree, New South Wales, Australia,"LOT 39 Merriwa Rd Willow Tree, New South Wales, 2339 Australia",150.728541,-31.653501,,,
Wilton - Saint Luke Anglican Church/Graveyard,Wilton, New South Wales, Australia,"1150 Argyle St Wilton, New South Wales, 2571 Australia",150.70269,-34.24164,,,
Willow Tree Catholic Cemetery,Willow Tree, New South Wales, Australia,"Merriwa-Murrurundi Rd Willow Tree, New South Wales, 2339 Australia",150.726928,-31.664677,,,
White Swamp Cemetery,Koreelah, New South Wales, Australia,"White Swamp Rd Koreelah, New South Wales, 2476 Australia",152.507889,-28.280985,,,
White Springs Cemetery,Black Springs, New South Wales, Australia,"LOT 110 Campbells River Rd Black Springs, New South Wales, 2787 Australia",149.693859,-33.865964,,,
Williamtown Former Uniting Church Columbarium Wall,Williamtown, New South Wales, Australia,"2115 Nelson Bay Road Williamtown, Port Stephens Council, New South Wales Australia",151.86173093921,-32.806695093477, Port Stephens Council,,
Wheeo Uniting Church Cemetery,,New South Wales, Australia,"Boorowa Road New South Wales, 2583 Australia",149.26785317138,-34.443611806503,,,
Whitton Cemetery,Whitton, New South Wales, Australia,"LOT 4 Wilga Rd Whitton, New South Wales, 2705 Australia",146.181871,-34.497202,,,
Wilderness (Church of England) Church/graveyard,Rothbury, New South Wales, Australia,"438 Wilderness Rd Rothbury, New South Wales, 2320 Australia",151.34734,-32.74075,,,
Wilberforce Cemetery,Wilberforce, New South Wales, Australia,"Old Sackville Road Wilberforce, New South Wales, 2756 Australia",150.84267,-33.55398,,,
West Dapto Catholic Cemetery,Wollongong, New South Wales, Australia,"231 West Dapto Road Wollongong, New South Wales, 2526 Australia",150.794217,-34.47197,,,
Wentworth War Memorial,Wentworth, New South Wales, Australia,"LOT 1581 Silver City Highway Wentworth, New South Wales Australia",141.934359,-34.109154,,,
Wentworth Mausoleum,Sydney, New South Wales, Australia,"5 Chapel Road Sydney, New South Wales, 2030 Australia",151.274971,-33.851564,,,
White Cliffs Cemetery,White Cliffs, New South Wales, Australia,"LOT 1 Keraro Rd White Cliffs, Central Darling Shire Council, New South Wales, 2836 Australia",143.103704,-30.856811, Central Darling Shire Council,,
Whittingham Cemetery,Whittingham, New South Wales, Australia,"28 Cemetery Ln Whittingham, Singleton, New South Wales, 2330 Australia",151.181232,-32.589784, Singleton,,
White Rock Cemetery,White Rock, New South Wales, Australia,"567 White Rock Rd White Rock, New South Wales, 2795 Australia",149.615211,-33.470578,,,
Whitebridge Cemetery (Formerly Charlestown Cemetery),Newcastle, New South Wales, Australia,"132a Dudley Road Newcastle, Lake Macquarie City Council, New South Wales, 2290 Australia",151.707223,-32.975395001878, Lake Macquarie City Council,,
West Wyalong Cemetery,Wyalong, New South Wales, Australia,"LOT 7300 Clear Ridge Rd Wyalong, New South Wales, 2671 Australia",147.241433,-33.907805,,,
Wheeo Cemetery,Grabben Gullen, New South Wales, Australia,"LOT 1 Wheeo Rd Grabben Gullen, New South Wales, 2583 Australia",149.301747,-34.517666,,,
West Hillgrove (Metz) Cemetery,Argyle, New South Wales, Australia,"23-25 Sunlight St Argyle, New South Wales, 2350 Australia",151.879355,-30.583673,,,
Weston - St Mary the Virgin Cemetery,Kurri Kurri, New South Wales, Australia,"57-61 First Street Kurri Kurri, New South Wales, 2326 Australia",151.457852,-32.813517,,,
West Wallsend General Cemetery,West Wallsend, New South Wales, Australia,"Cemetery Road West Wallsend, New South Wales, 2286 Australia",151.5706,-32.90281,,,
Welaregang Cemetery,Welaregang, New South Wales, Australia,"LOT 7303 River Rd Welaregang, New South Wales, 2642 Australia",147.955541,-36.006964,,,
Werris Creek Cemetery ,Werris Creek, New South Wales, Australia,"LOT 7004 Werris Creek Rd Werris Creek, New South Wales, 2341 Australia 
                         
                    ",150.653148,-31.334482,,http://austcemindex.com/?cemetery=291,
Werombi (Saint Barnabas) Anglican Churchyard,Blue Mountains National Park South, New South Wales, Australia,"15 Hayters Ln Blue Mountains National Park South, New South Wales, 2570 Australia",150.58093,-33.98118,,,
Weilmoringle Cemetery,Weilmoringle, New South Wales, Australia,"West Culgoa Road Weilmoringle, Brewarrina Shire Council, New South Wales, 2839 Australia",146.916221,-29.247142, Brewarrina Shire Council,,
Wentworth Falls - Grave of James Fergusson *,Blue Mountains, New South Wales, Australia,"1 Blaxland Road Blue Mountains, New South Wales, 2782 Australia",150.375835,-33.707779,,,
Wellington Old Cemetery,Mt Arthur, New South Wales, Australia,"LOT 158 Renshaw McGirr Way Mt Arthur, New South Wales, 2820 Australia",148.933689,-32.558515,,,
Weemelah Cemetery,Weemelah, New South Wales, Australia,"LOT 24 Weemalah St Weemelah, New South Wales, 2406 Australia",149.270317,-29.021819,,,
Wentworth Cemetery,Wentworth, New South Wales, Australia,"LOT 167 Cadell St Wentworth, New South Wales, 2648 Australia",141.903829,-34.108086,,,
Wayo - Saint Stephen's Anglican Church Graveyard (also known as Pejar Anglican C,Wayo, New South Wales, Australia,"LOT 1 St Stephens Rd Wayo, New South Wales, 2580 Australia",149.59394,-34.58149,,,
Wellingrove Presbyterian Cemetery,Glen Innes Severn Council, New South Wales, Australia,"Polhill Road Glen Innes Severn Council, Glen Innes Severn Council, New South Wales Australia",151.565998,-29.637042, Glen Innes Severn Council,,
Watsons Creek graves,Watsons Creek, New South Wales, Australia,"45 Watsons Creek Manilla Rd Watsons Creek, New South Wales, 2355 Australia",151.043744,-30.734818,,,
Weethalle Cemetery,Weethalle, New South Wales, Australia,"LOT 64 Mid Western Hwy Weethalle, New South Wales, 2669 Australia",146.606505,-33.88521,,,
Wentworth Falls Cemetery,Blue Mountains, New South Wales, Australia,"278-312 Great Western Highway Blue Mountains, New South Wales, 2782 Australia",150.365817,-33.71256,,,
Weekes (Fernmount) Cemetery,Fernmount, New South Wales, Australia,"LOT 7023 Hyde St Fernmount, New South Wales, 2454 Australia",152.9408431191,-30.472905272104,,,
Wellington Cemetery,Wellington, New South Wales, Australia,"LOT 7304 Mitchell Hwy Wellington, New South Wales, 2820 Australia",148.951649,-32.580504,,,
Warren (Church of England) Churchyard,Warren, New South Wales, Australia,"Lawson Street Warren, Warren Shire Council, New South Wales, 2824 Australia",147.83851,-31.70004, Warren Shire Council,,
Warren Old/Lawn Cemetery,Beemunnel, New South Wales, Australia,"Oxley Highway Beemunnel, Warren Shire Council, New South Wales, 2824 Australia",147.845077,-31.684044, Warren Shire Council,,
Warkworth Cemetery,Warkworth, New South Wales, Australia,"LOT 5 High Rd Warkworth, New South Wales, 2330 Australia",151.027829,-32.574953,,,
Wattle Flat grave,Wattle Flat, New South Wales, Australia,"LOT 7300 Limekilns Rd Wattle Flat, New South Wales, 2795 Australia",149.701079,-33.157332,,,
Wee Waa Cemetery ,Wee Waa, New South Wales, Australia,"LOT 2 Pilliga Rd Wee Waa, New South Wales, 2388 Australia",149.450175,-30.234487,,,
Wattle Flat Catholic Cemetery,Wattle Flat, New South Wales, Australia,"LOT 7008 Sofala Rd Wattle Flat, New South Wales, 2795 Australia",149.691177,-33.143471,,,
Wattle Flat Uniting Cemetery,Wattle Flat, New South Wales, Australia,"LOT 412 Sofala Rd Wattle Flat, New South Wales, 2795 Australia",149.694171,-33.141656,,,
Wattle Flat Anglican Cemetery,Wattle Flat, New South Wales, Australia,"3853 Sofala Rd Wattle Flat, New South Wales, 2795 Australia",149.694417,-33.137614,,,
Wards River Cemetery,Wards River, New South Wales, Australia,"71 Terreel Rd Wards River, New South Wales, 2422 Australia",151.945278,-32.220556,,,
Waverley Cemetery,Sydney, New South Wales, Australia,"93 Boundary Street Sydney, Waverley Council, New South Wales, 2024 Australia",151.266586,-33.909092, Waverley Council,,
Wardell Cemetery,Wardell, New South Wales, Australia,"153 Pine St Wardell, New South Wales, 2477 Australia",153.454993,-28.952101,,,
Warangesda Mission Cemetery,Darlington Point, New South Wales, Australia,"5 Kulkie St Darlington Point, New South Wales, 2706 Australia",146.004148,-34.586071,,,
Wandsworth Cemetery,Wandsworth, New South Wales, Australia,"LOT 154 Wandsworth Rd Wandsworth, New South Wales, 2365 Australia",151.533093,-30.056391,,,
Warren Cemetery,Warren, New South Wales, Australia,"Industrial Access Road Warren, Warren Shire Council, New South Wales, 2824 Australia",147.820315,-31.696825, Warren Shire Council,,
Wandera Cemetery,Wandera, New South Wales, Australia,"Inverell-Bonshaw Rd Wandera, New South Wales, 2360 Australia",151.152005,-29.676401,,,
Wandandian ( Wandrawandian) Cemetery site,Bewong, New South Wales, Australia,"2320 Princes Hwy Bewong, New South Wales, 2540 Australia",150.543559,-35.08348,,,
Wauchope Cemetery,Wauchope, New South Wales, Australia,"Paddock Rd Wauchope, New South Wales, 2446 Australia",152.708823,-31.471845,,,
Wanaaring Cemetery,Wanaaring, New South Wales, Australia,"Bourke Milparinka Road Wanaaring, Bourke Shire Council, New South Wales, 2840 Australia",144.167535,-29.707668, Bourke Shire Council,,
Warialda New Cemetery,Warialda, New South Wales, Australia,"LOT 7044 Mosquito Creek Rd Warialda, New South Wales, 2402 Australia",150.559857,-29.528751,,,
Warkworth - Saint Phillip's Anglican Church Graveyard,Warkworth, New South Wales, Australia,"LOT 5 High Rd Warkworth, New South Wales, 2330 Australia 
                         
                    ",151.02769,-32.5739,,http://austcemindex.com/cemetery?cemid=398,
Wantabadgery Cemetery,Wantabadgery, New South Wales, Australia,"LOT 196 McDonalds Ln Wantabadgery, New South Wales, 2650 Australia",147.714121,-35.054776,,,
Walli Cemetery,Mandurama, New South Wales, Australia,"2497 Belubula Way Mandurama, New South Wales, 2792 Australia",148.817153,-33.650029,,,
Wanganella Cemetery,Wanganella, New South Wales, Australia,"LOT 108 Zara Rd Wanganella, New South Wales, 2710 Australia",144.800019,-35.206461,,,
Wallangra Cemetery,Wallangra, New South Wales, Australia,"LOT 5 Yetman Rd Wallangra, New South Wales, 2360 Australia",150.889792,-29.252126,,,
Wallerawang (Portland) Cemetery,Portland, New South Wales, Australia,"265 Sunny Corner Rd Portland, New South Wales, 2847 Australia",149.97187,-33.37346,,,
Warialda Pioneer Cemetery,Warialda, New South Wales, Australia,"LOT 7313 Plunkett St Warialda, New South Wales, 2402 Australia",150.573359,-29.545672,,,
Walkers Crematorium & Memorial Gardens,,New South Wales, Australia,"8 Everinghams Lane, Frederickton New South Wales, 2440 Australia 
                         
                    ",152.85395291742,-31.033198020451,,https://walkerfunerals.com.au/walkers-crematorium/,
Wakefield Cemetery (never used),Wakefield, New South Wales, Australia,"236 Rhondda Rd Wakefield, New South Wales, 2278 Australia",151.58361,-32.95528,,,
Wamberal Cemetery,Central Coast, New South Wales, Australia,"830 The Entrance Road Central Coast, New South Wales, 2260 Australia",151.450655,-33.417039,,,
Wallsend - Saint Luke's Anglican Churchyard,Newcastle, New South Wales, Australia,"22 Metcalfe Street Newcastle, New South Wales, 2287 Australia",151.67081,-32.9055,,,
Wallerawang (Pipers Flat) Cemetery,Wallerawang, New South Wales, Australia,"LOT 410 Pipers Flat Rd Wallerawang, New South Wales, 2845 Australia",150.040357,-33.399068,,,
Wallendbeen Cemetery,Cootamundra, New South Wales, Australia,"Olympic Highway Cootamundra, Cootamundra-Gundagai Regional Council, New South Wales, 2590 Australia",148.152866,-34.534065, Cootamundra-Gundagai Regional Council,,
Wallabadah Cemetery,Wallabadah, New South Wales, Australia,"Cemetery Rd Wallabadah, New South Wales, 2343 Australia",150.825355,-31.546832,,,
Wallsend Cemetery,Newcastle, New South Wales, Australia,"144 Sandgate Road Newcastle, New South Wales, 2287 Australia",151.684971,-32.890777,,,
Verandah Rock Cemetery,Lake Wyangan, New South Wales, Australia,"LOT 642 Lakes Rd Lake Wyangan, New South Wales, 2680 Australia",146.013751,-34.232135,,,
Walla Walla Cemetery,Walla Walla, New South Wales, Australia,"Klemke Ave Walla Walla, New South Wales, 2659 Australia",146.899481,-35.755863,,,
Vault Hill cemetery,Picton, New South Wales, Australia,"2-40 Argyle Street Picton, Wollondilly Shire Council, New South Wales, 2571 Australia",150.61845680934,-34.165059250526, Wollondilly Shire Council,,
Walcha Cemetery,Walcha, New South Wales, Australia,"LOT 1 Darjeeling Rd Walcha, New South Wales, 2354 Australia",151.571609,-30.970599,,,
Walgett Cemetery,Walgett, New South Wales, Australia,"Bate Street Walgett, Walgett Shire Council, New South Wales, 2832 Australia",148.113127,-30.034733, Walgett Shire Council,,
Wagonga Cemetery,Narooma Region, New South Wales, Australia,"LOT 1 Wagonga Scenic Dr Narooma Region, New South Wales, 2546 Australia",150.067011,-36.219348,,,
Walcha Catholic Cemetery,Walcha, New South Wales, Australia,"LOT 7004 Oxley Hwy Walcha, New South Wales, 2354 Australia",151.606252,-30.987135,,,
Wagragobilly Cemetery,Darbalara, New South Wales, Australia,"Darbalara Road Darbalara, Cootamundra-Gundagai Regional Council, New South Wales, 2722 Australia",148.206682,-35.072857, Cootamundra-Gundagai Regional Council,,
Utungun Cemetery,Utungun, New South Wales, Australia,"21 Maras Creek Rd Utungun, New South Wales, 2447 Australia",152.833686,-30.745745,,,
Wagga Wagga - Saint Michael's Catholic Cathedral Graveyard ,Wagga Wagga, New South Wales, Australia,"10 Johnston St Wagga Wagga, New South Wales, 2650 Australia",147.37343,-35.10673,,,
Veteran Hall Cemetery,Central Coast, New South Wales, Australia,"63 Henderson Road Central Coast, Gosford City Council, New South Wales, 2251 Australia",151.34525893981,-33.478642939774, Gosford City Council,,
Wagga Wagga Monumental Cemetery,Wagga Wagga, New South Wales, Australia,"280 Kooringal Road Wagga Wagga, New South Wales, 2650 Australia",147.38931,-35.13296,,,
Urangeline - Bushranger Hammond grave,Urangeline, New South Wales, Australia,"LOT 15 Jim McDonnells Ln Urangeline, New South Wales, 2656 Australia",146.567023,-35.357492,,,
Wagga Wagga Lawn Cemetery,Lake Albert, New South Wales, Australia,"2-6 Brunskill Road Lake Albert, New South Wales, 2650 Australia",147.3974,-35.16412,,,
Upper Tooloom Historic Cemetery,Upper Tooloom, New South Wales, Australia,"LOT 37 Needhams Rd Upper Tooloom, New South Wales, 2475 Australia",152.425181,-28.614628,,,
Urbenville Cemetery,Urbenville, New South Wales, Australia,"LOT 89 Bonds Rd Urbenville, New South Wales, 2475 Australia",152.544994,-28.463069,,,
Upper Mangrove Cemetery,Wrights Creek, New South Wales, Australia,"Ten Mile Hollow Rd Wrights Creek, New South Wales, 2775 Australia",151.128638,-33.310213,,,
Upper Horton Cemetery,Upper Horton, New South Wales, Australia,"LOT 120 Bereen Rd Upper Horton, New South Wales, 2347 Australia",150.441799,-30.149914,,,
Vacy - Saint John Church of England Graveyard,Vacy, New South Wales, Australia,"775-779 Gresford Rd Vacy, New South Wales, 2421 Australia",151.57666,-32.54268,,,
Upper Colo Cemetery,Upper Colo, New South Wales, Australia,"2108 Comleroy Rd Upper Colo, New South Wales, 2756 Australia",150.727316,-33.424834,,,
Upper Bingara Chinese Cemetery,Upper Bingara, New South Wales, Australia,"LOT 7 Upper Bingara Rd Upper Bingara, New South Wales, 2404 Australia",150.64824,-30.06421,,,
Urunga Cemetery,Urunga, New South Wales, Australia,"110 Hungry Head Rd Urunga, New South Wales, 2455 Australia",153.020088,-30.510919,,,
Uralla Old Cemetery,Uralla, New South Wales, Australia,"63 John St Uralla, New South Wales, 2358 Australia",151.492613,-30.64129,,,
Uranquinty Cemetery,Uranquinty, New South Wales, Australia,"190 Connorton St Uranquinty, New South Wales, 2652 Australia",147.264291,-35.186576,,,
Underbank Cemetery,Underbank, New South Wales, Australia,"LOT 4 Salisbury Rd Underbank, New South Wales, 2420 Australia",151.641157,-32.27755,,,
Upper Picton Cemetery - Presbyterian Section,Picton, New South Wales, Australia,"18 Dunlop Pl Picton, New South Wales, 2571 Australia",150.60875,-34.184304,,,
Urana Cemetery,Urana, New South Wales, Australia,"Coonong St Urana, New South Wales, 2645 Australia",146.256772,-35.310271,,,
Unanderra  - Berkeley Pioneer Cemetery,Wollongong, New South Wales, Australia,"9 Investigator Drive Wollongong, New South Wales, 2526 Australia 
                         
                    ",150.84667,-34.458698,,http://austcemindex.com/cemetery?cemid=594,
Upper Picton Cemetery,Picton, New South Wales, Australia,"18 Dunlop Pl Picton, Wollondilly, New South Wales, 2571 Australia",150.608666,-34.184459, Wollondilly,,
Uralla New Cemetery,Uralla, New South Wales, Australia,"Kingstown Road Uralla, New South Wales, 2358 Australia",151.48474,-30.64451,,,
Uamby Cemetery,Ben Buckley, New South Wales, Australia,"384 Uamby Rd Ben Buckley, New South Wales, 2850 Australia",149.265278,-32.422731,,,
Uarbry Cemetery,Uarbry, New South Wales, Australia,"Moorfield Rd Uarbry, New South Wales, 2329 Australia",149.761719,-32.041822,,,
Ulan Cemetery,Ulan, New South Wales, Australia,"LOT 2 Robison St Ulan, New South Wales, 2850 Australia",149.742501,-32.279444,,,
Ungarie Cemetery,Ungarie, New South Wales, Australia,"LOT 7001 Crown Camp Rd Ungarie, New South Wales, 2669 Australia",146.976556,-33.610973,,,
Upper Castlereagh Methodist (Formerly Wesleyan Chapel),Sydney, New South Wales, Australia,"297-305 Old Castlereagh Road Sydney, New South Wales, 2749 Australia",150.66711997057,-33.7205184137605,,,
Underbank - Salisbury Melbury Church Cemetery,Underbank, New South Wales, Australia,"2011 Salisbury Rd Underbank, New South Wales, 2420 Australia",151.57346754508,-32.227979448736,,,
Turondale (The Downfall) Cemetery,Turondale, New South Wales, Australia,"2872 Turondale Rd Turondale, New South Wales, 2795 Australia",149.609161,-33.078781,,,
Turalla Cemetery,Bungendore, New South Wales, Australia,"LOT 221 Mathews Ln Bungendore, New South Wales, 2621 Australia",149.408025,-35.241909,,,
Tungamah,Balldale, New South Wales, Australia,"577 Kooringal Road Balldale, Corowa Shire Council, New South Wales, 2646 Australia",146.49169921875,-35.746512259918, Corowa Shire Council,,
Ulmarra (Sweeneys Creek) Cemetery,Ulmarra, New South Wales, Australia,"LOT 2 Coldstream Rd Ulmarra, New South Wales, 2462 Australia 
                         
                    ",153.064184,-29.649057,,http://www.clarence.nsw.gov.au/cp_themes/metro/csearch.asp,
Turee Vale Cemetery,Coolah, New South Wales, Australia,"LOT 3 Turee Vale Rd Coolah, New South Wales, 2843 Australia",149.870268,-31.838286,,,
Tumblong Cemetery,Tumblong, New South Wales, Australia,"Adelong Road Tumblong, Cootamundra-Gundagai Regional Council, New South Wales, 2729 Australia",147.999975,-35.155076, Cootamundra-Gundagai Regional Council,,
Ulladulla (Racecourse) Cemetery,Ulladulla, New South Wales, Australia,"182 Princes Hwy Ulladulla, New South Wales, 2539 Australia",150.472294,-35.365582,,,
Tweed Valley Lawn Cemetery,Duranbah, New South Wales, Australia,"344 Duranbah Rd Duranbah, New South Wales, 2487 Australia",153.517543,-28.307371,,,
Tultabah lone grave,Bourbah, New South Wales, Australia,"LOT 7001 Gular Quambone Rd Bourbah, New South Wales, 2828 Australia",148.148661,-31.203146,,,
Tullibigeal Cemetery,Tullibigeal, New South Wales, Australia,"Dillons Lane Tullibigeal, Lachlan Shire Council, New South Wales, 2669 Australia",146.746359,-33.420051, Lachlan Shire Council,,
Tyalgum Cemetery,Tyalgum, New South Wales, Australia,"LOT 84 Tyalgum Road Tyalgum, New South Wales, 2484 Australia",153.21239,-28.36117,,,
Tweed Heads Central Cemetery,Tweed Heads, New South Wales, Australia,"LOT 449 Florence St Tweed Heads, New South Wales, 2485 Australia",153.536823,-28.175728,,,
Tuena Cemetery,Tuena, New South Wales, Australia,"LOT 57 Cemetery Rd Tuena, New South Wales, 2583 Australia",149.318146,-34.020741,,,
Tulgilbar graves,Lionsville, New South Wales, Australia,"LOT 29 Lionsville Rd Lionsville, New South Wales, 2460 Australia",152.557417,-29.216505,,,
Tuena  - Abercrombie River Cemetery,Tuena, New South Wales, Australia,"LOT 3 Junction Point Rd Tuena, New South Wales, 2583 Australia",149.321992,-33.965365,,,
Trunkey Creek Cemetery,Trunkey Creek, New South Wales, Australia,"LOT 479 Lloyd St Trunkey Creek, New South Wales, 2795 Australia",149.3099,-33.821818,,,
Tucabia Cemetery,Tucabia, New South Wales, Australia,"LOT 260 Collett St Tucabia, New South Wales, 2462 Australia",153.114824,-29.659341,,,
Tumbarumba Cemetery,Tumbarumba, New South Wales, Australia,"109 Cemetery Rd Tumbarumba, New South Wales, 2653 Australia",148.01954988946,-35.798338350538,,,
Tweed Heads Memorial Gardens and Cemetery,Tweed Heads, New South Wales, Australia,"Kirkwood Rd, Tweed Heads South Tweed Heads, New South Wales, 2486 Australia",153.532141253967,-28.1987286183455,,,
Tumut Pioneer Cemetery,Tumut, New South Wales, Australia,"LOT 125 Yarra Rd Tumut, New South Wales, 2720 Australia",148.204556,-35.295849,,,
Triangle Flat Cemetery,Triangle Flat, New South Wales, Australia,"LOT 421 Triangle Flat Rd Triangle Flat, New South Wales, 2795 Australia",149.470972,-33.758984,,,
Tuncurry Cemetery,Forster, New South Wales, Australia,"3 Cassandra Crescent Forster, New South Wales, 2428 Australia",152.49471581313,-32.164544378082,,,
Tumut Cemetery,Tumut, New South Wales, Australia,"160 Simpson St Tumut, New South Wales, 2720 Australia",148.231551,-35.320168,,,
Toorigal Cemetery,Merriwa, New South Wales, Australia,"Golden Hwy Merriwa, New South Wales, 2329 Australia",150.343056,-32.141389,,,
Tucki Tucki (Tuckurimba) Cemetery,Tucki Tucki, New South Wales, Australia,"1305A Wyrallah Rd Tucki Tucki, New South Wales, 2480 Australia",153.31837,-28.91493,,,
Toomelah Cemetery,Toomelah, New South Wales, Australia,"3395 Tucka Tucka Road Toomelah, New South Wales, 2409 Australia",150.474023,-28.671322,,,
Trundle Cemetery,Trundle, New South Wales, Australia,"LOT 1 Condobolin Trundle Rd Trundle, New South Wales, 2875 Australia",147.700281,-32.937828,,,
Tullamore General Cemetery,Albert, New South Wales, Australia,"The Bogan Way Albert, Lachlan Shire Council, New South Wales, 2873 Australia",147.569904,-32.608218, Lachlan Shire Council,,
Tooraweenah Cemetery,Tooraweenah, New South Wales, Australia,"Coonamble Tooraweenah Rd Tooraweenah, New South Wales, 2831 Australia",148.911374,-31.434774,,,
Tooleybuc Cemetery,Tooleybuc, New South Wales, Australia,"Mallee Hwy Tooleybuc, New South Wales, 2736 Australia",143.356266,-35.024582,,,
Tomerong Cemetery,Tomerong, New South Wales, Australia,"1-296 Pine Forest Rd Tomerong, New South Wales, 2540 Australia",150.606363,-35.047143,,,
Tombong Cemetery,Tombong, New South Wales, Australia,"LOT 4 Tombong Rd Tombong, New South Wales, 2633 Australia",148.926875,-36.919203,,,
Towamba (Sturt) Cemetery,Towamba, New South Wales, Australia,"LOT 117 Ben Beasley Rd Towamba, New South Wales, 2550 Australia",149.680439,-37.089058,,,
Torrington Cemetery,Torrington, New South Wales, Australia,"2697 Torrington Road Torrington, New South Wales, 2371 Australia",151.70591,-29.30554,,,
Towrang Stockade Cemetery,Boxers Creek, New South Wales, Australia,"National Highway 31 Boxers Creek, New South Wales, 2580 Australia",149.83142268498,-34.733392911871,,,
Tottenham Cemetery,Tottenham, New South Wales, Australia,"Racecourse Road Tottenham, Lachlan Shire Council, New South Wales, 2873 Australia",147.338419,-32.240846, Lachlan Shire Council,,
Trangie Cemetery,Trangie, New South Wales, Australia,"Trangie Cemetery Road Trangie,  , New South Wales, 2823 Australia 
                         
                    ",147.96376,-32.034692,,http://ukcemindex.com/?cemetery=trangie,
Tirrannaville Cemetery,Tirrannaville, New South Wales, Australia,"LOT 2 Braidwood Rd Tirrannaville, New South Wales, 2580 Australia",149.684279,-34.818189,,,
Tingha Cemetery,Tingha, New South Wales, Australia,"60-62 Ruby St Tingha, New South Wales, 2369 Australia",151.214125,-29.960047,,,
Tintinalogy Homestead Cemetery,Menindee, New South Wales, Australia,"LOT 2 Wilcannia Menindee Rd Menindee, Central Darling Shire Council, New South Wales, 2879 Australia",142.806433,-32.148411, Central Darling Shire Council,,
Tirrannaville - Dr Gibson Monument and Cemetery,Tirrannaville, New South Wales, Australia,"LOT 11 Braidwood Rd Tirrannaville, New South Wales, 2580 Australia 
                         
                    ",149.675165,-34.828898,,http://austcemindex.com/cemetery?cemid=2173,
Tintenbar Cemetery,Tintenbar, New South Wales, Australia,"LOT 1 Hill St Tintenbar, New South Wales, 2478 Australia",153.519537,-28.800589,,,
Tingha,Tingha, New South Wales, Australia,"Garnet Street Tingha, Armidale Regional Council, New South Wales, 2369 Australia",151.21132565586,-29.961307684474, Armidale Regional Council,,
Toronto West Cemetery,Newcastle, New South Wales, Australia,"15 Kenton Street Newcastle, New South Wales, 2283 Australia",151.571426,-33.005513,,,
Timbillica graves,Timbillica, New South Wales, Australia,"109 Princes Hwy Timbillica, New South Wales, 2551 Australia",149.699496,-37.363188,,,
Tinda Tank Cemetery,Condobolin, New South Wales, Australia,"Tinda Tank Nymagee Rd Condobolin, Lachlan Shire Council, New South Wales, 2877 Australia",146.858991,-32.610965, Lachlan Shire Council,,
Tocumwal Cemetery,Tocumwal, New South Wales, Australia,"LOT 7038 Barooga Rd Tocumwal, New South Wales, 2714 Australia",145.575435,-35.820057,,,
Toogong Cemetery,Toogong, New South Wales, Australia,"LOT 14 Toogong Cemetery Rd Toogong, New South Wales, 2864 Australia",148.633153,-33.353043,,,
Tomingley Cemetery,Tomingley, New South Wales, Australia,"LOT 1 Biridoo St Tomingley, New South Wales, 2869 Australia",148.232689,-32.567901,,,
Tilpa Historical Cemetery,Tilpa, New South Wales, Australia,"LOT 8 Tilpa Louth Rd Tilpa, Central Darling Shire Council, New South Wales, 2840 Australia",144.426101,-30.933596, Central Darling Shire Council,,
Tomago House,Tomago, New South Wales, Australia,"421 Tomago Rd Tomago, New South Wales, 2322 Australia",151.735221,-32.828744,,,
Tilpa Cemetery,Tilpa, New South Wales, Australia,"LOT 6881 Tilpa Louth Rd Tilpa, Central Darling Shire Council, New South Wales, 2840 Australia",144.417997,-30.928402, Central Darling Shire Council,,
Thuddungra (Thuddungara) Cemetery,Thuddungra, New South Wales, Australia,"Bimbi Via Hunters Rd Thuddungra, New South Wales, 2594 Australia",148.093493,-34.1355,,,
Thurlow (Baw Baw) Methodist Church /graves,Mummel, New South Wales, Australia,"860-928 Range Rd Mummel, New South Wales Australia",149.617961,-34.708659,,,
Thornthwaite Cemetery,Owens Gap, New South Wales, Australia,"Sophia Creek Rd Owens Gap, New South Wales, 2337 Australia",150.712767,-32.008876,,,
The Pinnacles Cemetery,The Pinnacles, New South Wales, Australia,"LOT 353 Fortis Dr The Pinnacles, New South Wales, 2460 Australia",152.915191,-29.541643,,,
The Shiralee Memorial Wall,Eden, New South Wales, Australia,"8 Bramble Street Eden, New South Wales Australia",149.911835,-37.075024,,,
Tinonee Cemetery,Tinonee, New South Wales, Australia,"6451 The Bucketts Way Tinonee, New South Wales, 2430 Australia",152.401099,-31.937978,,,
The Oaks (Saint Luke) Anglican Churchyard,The Oaks, New South Wales, Australia,"22-24 Merlin St The Oaks, New South Wales, 2570 Australia",150.57443,-34.07472,,,
The Oaks (Saint Aloysius) Catholic Churchyard,The Oaks, New South Wales, Australia,"53-55 Merlin St The Oaks, New South Wales, 2570 Australia",150.57263,-34.07873,,,
Thackaringa Cemetery,Broken Hill, New South Wales, Australia,"Barrier Hwy Broken Hill, Broken Hill City Council, New South Wales, 2880 Australia",141.109428,-32.030272, Broken Hill City Council,,
Tibooburra Cemetery,Tibooburra, New South Wales, Australia,"Silver City Highway Tibooburra, Unincorporated Area, New South Wales, 2880 Australia",142.009878,-29.440569, Unincorporated Area,,
The Briars Cemetery,Hoskinstown, New South Wales, Australia,"187 Briars Sharrow Rd Hoskinstown, New South Wales, 2621 Australia",149.391754,-35.378498,,,
Tilba (Little Lake) Cemetery,Central Tilba, New South Wales, Australia,"Haxstead Rd Central Tilba, New South Wales, 2546 Australia",150.101523,-36.336458,,,
Tilba Tilba Cemetery,Tilba Tilba, New South Wales, Australia,"242 Corkhill Dr Tilba Tilba, New South Wales, 2546 Australia",150.0633,-36.32209,,,
The Shiralee Memorial Wall,Eden, New South Wales, Australia,"8 Bramble Street Eden, New South Wales Australia",149.911835,-37.075024,,,
Terry Hie Hie Cemetery,Terry Hie Hie, New South Wales, Australia,"LOT 31 Moree-Terry Hie Hie Rd Terry Hie Hie, New South Wales, 2400 Australia",150.145876,-29.787538,,,
Thirlmere Cemetery,Thirlmere, New South Wales, Australia,"120-120A Station St Thirlmere, New South Wales, 2572 Australia",150.564343,-34.213693,,,
The Shiralee Memorial Wall,Eden, New South Wales, Australia,"8 Bramble Street Eden, New South Wales Australia",149.911835,-37.075024,,,
The Oaks Cemetery,The Oaks, New South Wales, Australia,"LOT 1 Timothy Lacey Ln The Oaks, New South Wales, 2570 Australia",150.572905,-34.071502,,,
The Rock Cemetery,The Rock, New South Wales, Australia,"LOT 2 Milne Rd The Rock, New South Wales, 2655 Australia",147.126202,-35.280239,,,
Teralba (Booragul Pioneer) Cemetery,Newcastle, New South Wales, Australia,"73 Pitt Street Newcastle, New South Wales, 2284 Australia 
                         
                    ",151.60265,-32.97387,,"http://en.wikipedia.org/wiki/Teralba,_New_South_Wales",
Terrabile General Cemetery,Curban, New South Wales, Australia,"LOT 79 Hillside Rd Curban, New South Wales, 2827 Australia",148.598145,-31.533674,,,
Thalaba (Baptist) Church/graveyard,Marshdale, New South Wales, Australia,"Thalaba Church Rd Marshdale, New South Wales, 2420 Australia",151.7841,-32.443791,,,
The Bight - Wingham Cemetery,The Bight, New South Wales, Australia,"145 Tinonee Rd The Bight, New South Wales, 2429 Australia",152.384116,-31.881015,,,
Terry Hie Hie Old Cemetery,Berrigal, New South Wales, Australia,"LOT 41 Terry Hie Hie-Narrabri Rd Berrigal, New South Wales, 2390 Australia",150.157743,-29.807922,,,
Tantawangalo Cemetery,Candelo, New South Wales, Australia,"LOT 225 Slaters Ln Candelo, New South Wales, 2550 Australia",149.628027,-36.760925,,,
Tarcutta - Saint Mark Anglican Church/Graveyard,Tarcutta, New South Wales, Australia,"13-17 Gresham St Tarcutta, New South Wales, 2652 Australia",147.73984,-35.27253,,,
Temora Old Cemetery,Temora, New South Wales, Australia,"LOT 91 Austral St Temora, New South Wales, 2666 Australia",147.529152,-34.455792,,,
Telegraph Point Cemetery,Telegraph Point, New South Wales, Australia,"LOT 7004 Farrawells Rd Telegraph Point, New South Wales, 2441 Australia",152.78502,-31.340956,,,
Tarcutta Cemetery,Tarcutta, New South Wales, Australia,"1 Gresham St Tarcutta, New South Wales, 2652 Australia",147.740857,-35.269956,,,
Taree Estate Cemetery,Taree, New South Wales, Australia,"73-89 Edinburgh Drive Taree, New South Wales, 2430 Australia",152.439904,-31.916864,,,
Tenterfield Cemetery,Tenterfield, New South Wales, Australia,"LOT 7047 Western St Tenterfield, New South Wales, 2372 Australia",152.00294,-29.05698,,,
Taree - Mitchells Island Saint Mark Anglican Church/Graveyard ,Mitchells Island, New South Wales, Australia,"57 St Marks Ln Mitchells Island, New South Wales, 2430 Australia",152.59309935711,-31.911817141584,,,
Tarago Cemetery,Tarago, New South Wales, Australia,"6 Rosebery St Tarago, New South Wales, 2580 Australia",149.641342,-35.078638,,,
Taloumbi Station Cemetery,Taloumbi, New South Wales, Australia,"LOT 118 Brooms Head Rd Taloumbi, New South Wales, 2463 Australia",153.262358,-29.536741,,,
Tarro Cemetery,Maitland, New South Wales, Australia,"26 Western Avenue Maitland, New South Wales, 2322 Australia",151.657871,-32.810654,,,
Tea Gardens Cemetery,Tea Gardens, New South Wales, Australia,"1 Yalinbah St Tea Gardens, New South Wales, 2324 Australia",152.152297,-32.66353,,,
Taltingan Cemetery,Broken Hill, New South Wales, Australia,"18699 Barrier Hwy Broken Hill, Broken Hill City Council, New South Wales, 2880 Australia",141.546349,-31.935592, Broken Hill City Council,,
Tanilba Bay Golf Club,Tanilba Bay, New South Wales, Australia,"Lemon Tree Passage Road Tanilba Bay, Port Stephens Council, New South Wales, 2319 Australia",151.99529483703,-32.740293767888, Port Stephens Council,,
Taree - Manning Great Lakes Memorial Gardens,Pampoolah, New South Wales, Australia,"183 Pampoolah Rd Pampoolah, New South Wales, 2430 Australia 
                         
                    ",152.500278,-31.930338,,http://austcemindex.com/cemetery?cemid=755,
Tamworth War Cemetery,North Tamworth, New South Wales, Australia,"25 Forest Rd North Tamworth, New South Wales, 2340 Australia",150.929773,-31.071244,,,
Tamworth Cemetery,Tamworth, New South Wales, Australia,"64 Showground Road Tamworth, New South Wales, 2340 Australia",150.903182,-31.090904,,,
Tambaroora Cemetery,Hill End, New South Wales, Australia,"LOT 11 Hill End Rd Hill End, New South Wales, 2850 Australia",149.425585,-33.005658,,,
Tambar Springs Cemetery,Tambar Springs, New South Wales, Australia,"LOT 7301 Orourke St Tambar Springs, New South Wales, 2381 Australia",149.841749,-31.343651,,,
Temora Lawn Cemetery,Temora, New South Wales, Australia,"LOT 1 Thom St Temora, New South Wales, 2666 Australia",147.529554,-34.457509,,,
Tallimba Cemetery,Tallimba, New South Wales, Australia,"Tallimba Aria Park Rd Tallimba, New South Wales, 2669 Australia",146.886521,-33.999237,,,
Tangmangaroo Church of England Cemetery,Kangiara, New South Wales, Australia,"Lachlan Valley Way Kangiara, New South Wales, 2582 Australia",148.79266,-34.63566,,,
Tallong General Cemetery,Tallong, New South Wales, Australia,"187 Long Point Road Tallong, Goulburn Mulwaree Council, New South Wales, 2579 Australia",150.057481,-34.737837, Goulburn Mulwaree Council,,
Tamworth - Lincoln Grove Evergreen Memorial Park ,Westdale, New South Wales, Australia,"1040 Gunnedah Rd Westdale, New South Wales, 2340 Australia",150.848488,-31.075397,,,
Tabbil Creek Cemetery,Mt Olive, New South Wales, Australia,"LOT 92 Bridgman Rd Mt Olive, New South Wales, 2330 Australia",151.238541,-32.419049,,,
Tabulam Cemetery,Tabulam, New South Wales, Australia,"LOT 7017 Racecourse Rd Tabulam, New South Wales, 2469 Australia",152.558105,-28.907807,,,
Swan Vale Cemetery,Swan Vale, New South Wales, Australia,"3256 Gwydir Hwy Swan Vale, New South Wales, 2370 Australia",151.440579,-29.772236,,,
Sutherland Babies graves,Belowra, New South Wales, Australia,"E Fire Trail Belowra, New South Wales, 2545 Australia",149.719,-36.143,,,
Surry Hills - Devonshire Street Sandhills Cemetery,Sydney, New South Wales, Australia,"2-18 Chalmers St Sydney, New South Wales, 2000 Australia 
                         
                    ",151.207323,-33.883901,,http://en.wikipedia.org/wiki/Devonshire_Street_Cemetery,
Tallong (Barbers Creek) Cemetery,Tallong, New South Wales, Australia,"LOT 290 Long Point Rd Tallong, New South Wales, 2579 Australia",150.063028,-34.720045,,,
Stony Crossing Cemetery,Stony Crossing, New South Wales, Australia,"LOT 35 Stony Crossing Rd Stony Crossing, New South Wales, 2734 Australia",143.569379,-35.062021,,,
Strathfield - Saints Peter and Paul Russian Orthodox Church graveyard,Sydney, New South Wales, Australia,"9 Vernon Street Sydney, New South Wales, 2135 Australia",151.08889,-33.87542,,,
Sydney Second Burial Ground,Sydney, New South Wales, Australia,"216 Kent St Sydney, New South Wales, 2000 Australia",151.204576,-33.865783,,,
Sutton Forest - All Saints Anglican Church Cemetery,Sutton Forest, New South Wales, Australia,"2 Illawarra Highway Sutton Forest, New South Wales, 2577 Australia",150.321922,-34.566225,,,
Sutton Forest - Saint Patrick's Catholic Church Graveyard,Sutton Forest, New South Wales, Australia,"National Route 48 Sutton Forest, New South Wales, 2577 Australia 
                         
                    ",150.31279,-34.57452,,http://www.hawkesbury.net.au/cemetery/southern_highlands/st_patricks/,
Sunny Corner Cemetery,Sunny Corner, New South Wales, Australia,"256 Dark Corner Rd Sunny Corner, New South Wales, 2795 Australia",149.881395,-33.355141,,,
Stewarts Brook Cemetery,Stewarts Brook, New South Wales, Australia,"1858 Stewarts Brook Rd Stewarts Brook, New South Wales, 2337 Australia",151.291523,-32.000925,,,
Stawall Cemetery Victoria,Wootton, New South Wales, Australia,"Ferny Creek Road Wootton, North Grampians, New South Wales, 2423 Australia",152.37762451172,-32.292066558196, North Grampians,,
Stannifer Cemetery,Stannifer, New South Wales, Australia,"1023 Stannifer Rd Stannifer, New South Wales, 2369 Australia",151.220412,-29.873918,,,
Stannum Cemetery,Stannum, New South Wales, Australia,"1574 Torrington Rd Stannum, New South Wales, 2371 Australia",151.773204,-29.328312,,,
Stuart Town Cemetery,Stuart Town, New South Wales, Australia,"LOT 7 Wallaroi Rd Stuart Town, New South Wales, 2820 Australia",149.057843,-32.801398,,,
Stroud Cemetery,Stroud, New South Wales, Australia,"Nairn St Stroud, New South Wales, 2425 Australia",151.975636,-32.403117,,,
Stroud - Saint John Anglican Church/Graveyard,Stroud, New South Wales, Australia,"85 Cowper St Stroud, New South Wales, 2425 Australia",151.96772,-32.40526,,,
Stoney Creek Cemetery,Tenterfield, New South Wales, Australia,"Park St Tenterfield, New South Wales, 2372 Australia",152.022515,-29.068627,,,
Strathfield (Saint Anne) Anglican Churchyard,Sydney, New South Wales, Australia,"36 Homebush Rd Sydney, New South Wales, 2135 Australia",151.08768,-33.87081,,,
Stock Yard Creek Cemetery,Stock Yard Creek, New South Wales, Australia,"Countegany Road Stock Yard Creek, New South Wales Australia",149.364275,-36.173787,,,
Stratford Cemetery,Stratford, New South Wales, Australia,"LOT 144 Wood St Stratford, New South Wales, 2422 Australia",151.942162,-32.120782,,,
"Stonequarry Cemetery, Taralga",Stonequarry, New South Wales, Australia,"LOT 9 Stone Quarry Rd Stonequarry, New South Wales, 2580 Australia",149.789378,-34.370467,,,
Stockton Cemetery,Newcastle, New South Wales, Australia,"21 Braid Road Newcastle, New South Wales, 2295 Australia",151.797266,-32.877923,,,
Stockinbingal Cemetery,Stockinbingal, New South Wales, Australia,"Grogan Road Stockinbingal, Cootamundra-Gundagai Regional Council, New South Wales, 2725 Australia",147.875872,-34.490289, Cootamundra-Gundagai Regional Council,,
"St Mary the Virgin (Harefield, Hillingdon, London, England)",Balranald Shire Council, New South Wales, Australia,"Balranald Shire Council, New South Wales, 2715 Australia",143.25219954532,-33.531928003688,,,
St. Phillips Anglican Cemetery,Orange, New South Wales, Australia,"768 Burrendong Way Orange, New South Wales, 2800 Australia",149.09015,-33.224791,,,
St Peters - Saint Peter's Anglican Churchyard,Sydney, New South Wales, Australia,"156 Church Street Sydney, New South Wales, 2044 Australia 
                         
                    ",151.17733,-33.91365,,http://austcemindex.com/cemetery?cemid=2109,
St John's Anglican Churchyard - Badgerys Creek,Badgerys Creek, New South Wales, Australia,"15 Pitt Street Badgerys Creek, Liverpool City Council, New South Wales, 2555 Australia",150.74287097617,-33.883891668984, Liverpool City Council,,
"St John's Anglican Church, Wollombi",Wollombi, New South Wales, Australia,"2985 Paynes Crossing Road Wollombi, Cessnock City Council, New South Wales, 2325 Australia",151.14044881502,-32.937626531289, Cessnock City Council,,
St Peters Anglican Church,Newcastle, New South Wales, Australia,"148 Denison Street, Hamilton NSW Newcastle, New South Wales, 2303 Australia 
                         
                    ",151.74311719889,-32.924624557393,,http://www.stpetershamilton.org.au/,
St Thomas Cardiff,Newcastle, New South Wales, Australia,"Thomas Street Newcastle, New South Wales, 2285 Australia",151.664576,-32.9436,,,
"St Peter's Anglican Church, Swansea NSW Australia",Newcastle, New South Wales, Australia,"25 Josephson Street Newcastle, Lake Macquarie City Council, New South Wales, 2281 Australia",151.637335,-33.088107, Lake Macquarie City Council,,
St Augustines churchyard,Yass, New South Wales, Australia,"106 Meehan Street Yass, Yass Valley Council, New South Wales, 2582 Australia",148.909847,-34.84328, Yass Valley Council,,
"St Marys - Saint Mary Oxley Park General Cemetery (Sydney, New South Wales)",Sydney, New South Wales, Australia,"195 Great Western Highway Sydney, New South Wales, 2760 Australia",150.78788,-33.77234,,,
St Matthew's Anglican Church and Cemetery,The Oaks , New South Wales, Australia,"110 Old Oaks Road The Oaks , Wollondilly Shire, New South Wales, 2570 Australia",150.55504,-34.10749, Wollondilly Shire,,
St Peter's Anglican Cemetery ,Richmond, New South Wales, Australia,"Windsor Street Richmond, New South Wales, 2753 Australia",150.744411,-33.592989,,,
St Albans Cemetery,St Albans, New South Wales, Australia,"Wollombi Road St Albans, Hawkesbury City Council, New South Wales, 2775 Australia",150.9689678135,-33.280526907736, Hawkesbury City Council,,
St Marys General Cemetery,Sydney, New South Wales, Australia,"195 Great Western Highway Sydney, New South Wales, 2760 Australia 
                         
                    ",150.78784,-33.77256,,https://www.penrithcity.nsw.gov.au/services/other-services/Cemeteries/,
St Albans - Saint Jude Cemetery Central Macdonald,Central Macdonald, New South Wales, Australia,"1231 St Albans Rd Central Macdonald, New South Wales, 2775 Australia",150.97833,-33.32849,,,
St Marys - Saint Mary Magdalene Anglican Church Graveyard ,Sydney, New South Wales, Australia,"299-311 Great Western Highway Sydney, New South Wales, 2760 Australia",150.7774,-33.77032,,,
"St John's Anglican Church, Taree",Taree, New South Wales, Australia,"River Street Taree, Mid-Coast Council, New South Wales, 2430 Australia",152.45501845421,-31.917260046932, Mid-Coast Council,,
"St Bartholomew's Anglican Church, Prospect Cemetery",Sydney, New South Wales, Australia,"St Bartholomews Pl Sydney, New South Wales, 2148 Australia",150.91777,-33.804316,,,
St Albans - Grave of John Fernance *,St Albans, New South Wales, Australia,"313 Upper Macdonald Rd St Albans, New South Wales, 2775 Australia",150.968,-33.273,,,
"St Marys - Saint Mary Oxley Park General Cemetery (Sydney, New South Wales)",Sydney, New South Wales, Australia,"90 Sydney Street Sydney, Penrith City Council, New South Wales, 2760 Australia",150.78792514269,-33.772550945846, Penrith City Council,,
ST AUGUSTINE'S ANGLICAN CHURCH,Newcastle, New South Wales, Australia,"37 Winsor Street Newcastle, New South Wales, 2291 Australia",151.750848,-32.941994,,,
St Albans - Books Ferry Catholic Cemetery,Lower Macdonald, New South Wales, Australia,"1029 St Albans Rd Lower Macdonald, New South Wales, 2775 Australia",150.979169,-33.346561,,,
St Albans - Biggers Family Cemetery,St Albans, New South Wales, Australia,"477 Upper Macdonald Rd St Albans, New South Wales, 2775 Australia",150.967649,-33.26293,,,
St Mary's Anglican Church Columbarium,Maitland, New South Wales, Australia,"Church Street Maitland, Maitland City Council, New South Wales, 2320 Australia",151.55211031436,-32.734182907756, Maitland City Council,,
St Albans - Bailey Family Cemetery,St Albans, New South Wales, Australia,"221-250 Wollombi Rd St Albans, New South Wales, 2775 Australia 
                         
                    ",150.970495,-33.275704,,http://austcemindex.com/cemetery?cemid=773,
St Albans Old (Central Macdonald) Cemetery,St Albans, New South Wales, Australia,"LOT 11 Settlers Rd St Albans, New South Wales, 2775 Australia",150.98249,-33.30437,,,
Springdale Cemetery,Springdale, New South Wales, Australia,"200 Springdale Wallundry Rd Springdale, New South Wales, 2666 Australia",147.739334,-34.456712,,,
St Albans New Cemetery,St Albans, New South Wales, Australia,"138 Wollombi Road St Albans, New South Wales, 2775 Australia",150.969,-33.2805,,,
Spencer Cemetery,Spencer, New South Wales, Australia,"4350 Wisemans Ferry Rd Spencer, New South Wales, 2775 Australia",151.163938,-33.429391,,,
Southam graves,Tilba Tilba, New South Wales, Australia,"LOT 1 Princes Hwy Tilba Tilba, New South Wales, 2546 Australia",150.043826,-36.349483,,,
Sparkes Creek Cemetery,Upper Dartbrook, New South Wales, Australia,"LOT 1 Upper Dartbrook Rd Upper Dartbrook, New South Wales, 2336 Australia",150.710663,-31.941802,,,
Sodwalls Cemetery,Sodwalls, New South Wales, Australia,"Rydal Sodwalls Tarana Rd Sodwalls, New South Wales, 2790 Australia",150.002728,-33.517229,,,
Somerton Cemetery,Somerton, New South Wales, Australia,"LOT 7300 Somerton Tip Rd Somerton, New South Wales, 2340 Australia",150.635776,-30.951849,,,
Smiths Flats Cemetery,Upper Copmanhurst, New South Wales, Australia,"2616 Clarence Way Upper Copmanhurst, New South Wales, 2460 Australia",152.737255,-29.555652,,,
Spring Ridge Cemetery,Spring Ridge, New South Wales, Australia,"LOT 182 Coonabarabran Rd Spring Ridge, New South Wales, 2343 Australia",150.172419,-31.436151,,,
Spicers Creek Cemetery,Spicers Creek, New South Wales, Australia,"LOT 23 Goolma Rd Spicers Creek, New South Wales, 2820 Australia",149.1682,-32.387264,,,
Spring Hill Cemetery,Spring Hill, New South Wales, Australia,"LOT 1 Melaleuca Ln Spring Hill, New South Wales, 2800 Australia",149.158909,-33.404394,,,
Springwood Cemetery,Sydney, New South Wales, Australia,"40 Davesta Road Sydney, New South Wales, 2777 Australia",150.575695,-33.688049,,,
South Head General Cemetery,Sydney, New South Wales, Australia,"16 Young Street Sydney, Waverley Council, New South Wales, 2030 Australia",151.28163099289,-33.858700524244, Waverley Council,,
Sofala Cemetery,Sofala, New South Wales, Australia,"LOT 7023 Peel Rd Sofala, New South Wales, 2795 Australia",149.689171,-33.086759,,,
South Durras Memorial,South Durras, New South Wales, Australia,"Durras Drive South Durras, New South Wales, 2536 Australia",150.296687,-35.658672,,,
Sofala - Anglican Christ Church Cemetery,Sofala, New South Wales, Australia,"Hargraves Street Sofala, New South Wales, 2795 Australia",149.69488,-33.0813,,,
Singleton - Windmill Hill Cemetery,Sedgefield, New South Wales, Australia,"377 Gresford Rd Sedgefield, New South Wales, 2330 Australia",151.229338,-32.545655,,,
South Grafton Cemetery,Grafton, New South Wales, Australia,"66 Tyson Street Grafton, New South Wales, 2460 Australia 
                         
                    ",152.935416,-29.71793,,http://www.clarence.nsw.gov.au/cp_themes/metro/csearch.asp,
Smithfield Baptist Churchyard,Sydney, New South Wales, Australia,"69 O'connell Street Sydney, New South Wales, 2164 Australia",150.93484,-33.85294,,,
Sir John Jamison Cemetery,Sydney, New South Wales, Australia,"16 Lilac Place Sydney, New South Wales, 2750 Australia",150.678273305557,-33.7759923935081,,,
Smithfield Uniting Churchyard,Sydney, New South Wales, Australia,"711-717 The Horsley Drive Sydney, New South Wales, 2164 Australia",150.93744,-33.85228,,,
South Head Cemetery,Sydney, New South Wales, Australia,"6 Young Street Sydney, New South Wales, 2030 Australia",151.282135,-33.85807,,,
Shuttleton Cemetery,Nymagee, New South Wales, Australia,"Kidman Way Nymagee, Cobar Shire Council, New South Wales, 2831 Australia",146.078553,-32.136047, Cobar Shire Council,,
Smithfield  General Cemetery,Sydney, New South Wales, Australia,"102-118 Dublin Street Sydney, New South Wales, 2164 Australia",150.925449763229,-33.8499933458292,,,
Smithfield - Saint James Anglican Churchyard,Sydney, New South Wales, Australia,"704 The Horsley Drive Sydney, New South Wales, 2164 Australia 
                         
                    ",150.93844,-33.85376,,http://austcemindex.com/cemetery?cemid=483,
Small Family Pioneer Cemetery,South Arm, New South Wales, Australia,"239 South Arm School Road South Arm, Clarence Valley Council, New South Wales, 2460 Australia",153.145011,-29.5584, Clarence Valley Council,,
Shooters Hill Cemetery,Shooters Hill, New South Wales, Australia,"LOT 7003 Shooters Hill Rd Shooters Hill, New South Wales, 2787 Australia",149.85469,-33.90673,,,
singleton Cemetery,Aberdeen, New South Wales, Australia,"LOT 7004 Gordon St Aberdeen, New South Wales, 2336 Australia",150.886638,-32.174758,,,
Shaw Cemetery,Neville, New South Wales, Australia,"934 Mt Macquarie Rd Neville, New South Wales, 2799 Australia",149.200683,-33.658185,,,
Singleton - Saint Patrick's Catholic Church Cemetery,Singleton, New South Wales, Australia,"42 Queen St Singleton, New South Wales, 2330 Australia",151.1812,-32.55957,,,
Singleton - All Saints Anglican Churchyard,Singleton, New South Wales, Australia,"Lot 3 High St Singleton, New South Wales, 2330 Australia",151.17819,-32.56328,,,
Silverton Cemetery,Silverton, New South Wales, Australia,"LOT 11 Silverton Rd Silverton, Unincorporated Area, New South Wales, 2880 Australia",141.231716,-31.874259, Unincorporated Area,,
Singleton - Sedgefield Cemetery,Sedgefield, New South Wales, Australia,"258 Gresford Rd Sedgefield, New South Wales, 2330 Australia",151.217484,-32.546957,,,
Saumarez Ponds Cemetery,Saumarez Ponds, New South Wales, Australia,"LOT 7005 Primrose Hill Rd Saumarez Ponds, New South Wales, 2350 Australia",151.563068,-30.483655,,,
Shoalhaven Memorial Gardens,Worrigee, New South Wales, Australia,"349 Worrigee Rd Worrigee, New South Wales, 2540 Australia",150.638145,-34.920069,,,
Seaham Cemetery,Seaham, New South Wales, Australia,"10 Grape St Seaham, New South Wales, 2324 Australia",151.71529,-32.667901,,,
Sancrox - Rawdon Island Cemetery,Sancrox, New South Wales, Australia,"28 Allen Johnson Close Sancrox, New South Wales, 2446 Australia",152.780471,-31.444957,,,
Scone - Saint Luke Cemetery,Scone, New South Wales, Australia,"79-81 Hill St Scone, New South Wales, 2337 Australia",150.86213,-32.0505,,,
Scone - Old Catholic Cemetery,Scone, New South Wales, Australia,"69 Kingdon St Scone, New South Wales, 2337 Australia",150.863045,-32.052617,,,
Sallys Flat - Catholic Church graveyard,Sallys Flat, New South Wales, Australia,"LOT 158 Hill End Rd Sallys Flat, New South Wales, 2850 Australia",149.557608,-33.004347,,,
Shellharbour Cemetery,Wollongong, New South Wales, Australia,"441-443 Shellharbour Road Wollongong, New South Wales, 2529 Australia",150.859135,-34.583879,,,
Salisbury Cemetery,Salisbury, New South Wales, Australia,"2205 Salisbury Rd Salisbury, New South Wales, 2420 Australia",151.567554,-32.224129,,,
Scone - New England Highway Cemetery,Scone, New South Wales, Australia,"LOT 90 New England Hwy Scone, New South Wales, 2337 Australia",150.86425,-32.02813,,,
Shelly Beach graves,Sandy Beach - Emerald Beach, New South Wales, Australia,"2a Lighthouse Crescent Sandy Beach - Emerald Beach, New South Wales, 2456 Australia",153.18966487697,-30.172466550549,,,
"Saint Stephen's Anglican Church, Bannaby",Bannaby, New South Wales, Australia,"1114 Bannaby Road Bannaby, Upper Lachlan Shire Council, New South Wales, 2580 Australia",149.93391147622,-34.429498737214, Upper Lachlan Shire Council,,
Scone - Common Road Cemetery,Scone, New South Wales, Australia,"LOT 7001 Common Rd Scone, New South Wales, 2337 Australia",150.86538,-32.02368,,,
Sandgate Cemetery,Newcastle, New South Wales, Australia,"2a Wallsend Road Newcastle, Newcastle City Council, New South Wales, 2304 Australia 
                         
                    ",151.706303,-32.869383, Newcastle City Council,http://www.sandgatecemetery.org.au/,
"Saint Bartholomew Church, Wick, South Gloucestershire, England",Balranald Shire Council, New South Wales, Australia,"Balranald Shire Council, New South Wales, 2715 Australia",143.23726500553,-33.528112103107,,,
Savernake Cemetery,Savernake, New South Wales, Australia,"Saverlake-Oaklands Rd Savernake, New South Wales, 2646 Australia",146.052546,-35.733049,,,
Scarborough/Wombarra Cemetery,Wollongong, New South Wales, Australia,"575a Lawrence Hargrave Drive Wollongong, New South Wales, 2515 Australia",150.954537,-34.280411,,,
Rylstone Kandos Cemetery,Rylstone, New South Wales, Australia,"LOT 1 Narrango Rd Rylstone, New South Wales, 2849 Australia",150.007582,-32.811913,,,
Sandridge Cemetery,Ulladulla, New South Wales, Australia,"78 Ocean Street Ulladulla, New South Wales, 2539 Australia 
                         
                    ",150.470539,-35.337827,,http://cremweb.shoalhaven.nsw.gov.au/index.php/help-a-information/search-registers,
Saint Thomas Rest Park Cemetery,Sydney, New South Wales, Australia,"237 Chandos St Sydney, New South Wales, 2065 Australia 
                         
                    ",151.20646,-33.82389,,http://photosau.com.au/StantonHeadstones/scripts/home.asp,
"Saint Jude Anglican Church, Randwick, Cemetery",Sydney, New South Wales, Australia,"21 Frances Street Sydney, New South Wales, 2031 Australia 
                         
                    ",151.24174,-33.91138,,http://www.stjudesrandwick.org.au/cemetery/,
Saint James Anglican Churchyard ,Pomeroy, New South Wales, Australia,"LOT 7 Gurrundah Rd Pomeroy, New South Wales, 2580 Australia",149.59943950663,-34.748695812844,,,
Rugby Cemetery,Rugby, New South Wales, Australia,"Ryepark Rugby Rd Rugby, New South Wales, 2583 Australia",149.009724,-34.397802,,,
Running Stream Cemetery,Running Stream, New South Wales, Australia,"LOT 1 New Olivers Rd Running Stream, New South Wales, 2850 Australia",149.898683,-33.038643,,,
Rufus - Lone Grave of Possum,Rufus, New South Wales, Australia,"LOT 1 Lock Eight Rd Rufus, New South Wales, 2648 Australia",141.415995,-34.132974,,,
Sackville - Maroota Cemetery,Sackville North, New South Wales, Australia,"437 Sackville Ferry Rd Sackville North, New South Wales, 2756 Australia",150.919876,-33.477004,,,
Sacred Heart Columbarium,Newcastle, New South Wales, Australia,"242 Parry Street Newcastle, Newcastle City Council, New South Wales, 2302 Australia",151.7538937791,-32.923713212682, Newcastle City Council,,
Sackville - Saint Thomas Cemetery,Sackville, New South Wales, Australia,"616 Tizzana Rd Sackville, New South Wales, 2756 Australia",150.89344,-33.48627,,,
Sacred Heart Catholic Churchyard,Gurrundah, New South Wales, Australia,"2288 Gurrundah Rd Gurrundah, New South Wales, 2581 Australia",149.41293665868,-34.662735094837,,,
Rye Park Cemetery,Rye Park, New South Wales, Australia,"LOT 7003 Cemetery Dr Rye Park, New South Wales, 2586 Australia",148.928668,-34.522222,,,
Ryde - Saint Charles Borromeo Churchyard,Sydney, New South Wales, Australia,"1 Kenneth Street Sydney, New South Wales, 2112 Australia",151.11397,-33.81896,,,
Rouse Hill Burial Ground,Sydney, New South Wales, Australia,"Withers Road Sydney, New South Wales, 2155 Australia",150.927,-33.681,,,
Rydal Cemetery,Rydal, New South Wales, Australia,"LOT 7311 Cartwright St Rydal, New South Wales, 2790 Australia",150.037568,-33.477397,,,
Ryde - Saint Anne's Anglican Churchyard,Sydney, New South Wales, Australia,"44-46 Church Street Sydney, New South Wales, 2112 Australia 
                         
                    ",151.1043,-33.81558,,http://www.stannes.org.au/attachments/graveyard%20map%202008.pdf,
Ryde - Baptist Churchyard,Sydney, New South Wales, Australia,"61-65 Lane Cove Road Sydney, Ryde City Council, New South Wales, 2112 Australia",151.108206,-33.812343, Ryde City Council,,
Rydal - Saint Matthew's Catholic Church Graveyard,Rydal, New South Wales, Australia,"8 Cartwright St Rydal, New South Wales, 2790 Australia",150.03407,-33.48339,,,
Rouchel Brook Cemetery,Upper Rouchel, New South Wales, Australia,"LOT 1 Back Creek Rd Upper Rouchel, New South Wales, 2336 Australia",151.091129,-32.115184,,,
Rous Cemetery,Rous, New South Wales, Australia,"21-85 Rous Cemetery Rd Rous, New South Wales, 2477 Australia",153.407678,-28.866004,,,
Round Plain Cemetery,Rocky Plain, New South Wales, Australia,"2160 Rocky Plain Rd Rocky Plain, New South Wales, 2628 Australia",148.706996,-36.246303,,,
Rose Valley graveyard,Rose Valley, New South Wales, Australia,"897-1267 Rose Valley Rd Rose Valley, New South Wales, 2630 Australia",149.247501,-36.138781,,,
Rose Bay - Sacred Heart Convent Cemetery,Sydney, New South Wales, Australia,"1 Bayview Hill Road Sydney, New South Wales, 2030 Australia",151.27173,-33.86378,,,
Rutherford Cemetery,Maitland, New South Wales, Australia,"10 Alvira Close Maitland, New South Wales, 2320 Australia",151.520513,-32.713524,,,
Rose Bay - Saint Andrew's Presbyterian Churchyard,Sydney, New South Wales, Australia,"24b Dover Road Sydney, New South Wales, 2029 Australia",151.27113,-33.87082,,,
Rouse Hill Anglican Cemetery,Sydney, New South Wales, Australia,"10-12 Aberdour Avenue Sydney, New South Wales, 2155 Australia",150.91716,-33.68067,,,
Rowes Hill Cemetery,Mittagong, New South Wales, Australia,"LOT 1 Old South Rd Mittagong, New South Wales, 2575 Australia",150.480099,-34.460469,,,
Round Swamp Cemetery,Round Swamp, New South Wales, Australia,"5333-5334 Castlereagh Hwy Round Swamp, New South Wales, 2846 Australia",149.939084,-33.074388,,,
Rossmore - Holy Innocents Anglican Churchyard,Rossmore, New South Wales, Australia,"2-4 Church St Rossmore, New South Wales, 2557 Australia 
                         
                    ",150.764222566795,-33.9433635605959,,http://austcemindex.com/cemetery?cemid=2039,
Roseville Presbyterian church,Sydney, New South Wales, Australia,"28 Lord Street Sydney, Ku-Ring-Gai Council, New South Wales, 2069 Australia",151.18115449074,-33.782475315369, Ku-Ring-Gai Council,,
Rosewood Cemetery,Rosewood, New South Wales, Australia,"105-145 Rosewood Coppabella Rd Rosewood, New South Wales, 2652 Australia",147.862415,-35.691705,,,
"Rooty Hill, Presbyterian Church - Grave of John Morgan",Sydney, New South Wales, Australia,"121 Rooty Hill Road South Sydney, New South Wales, 2766 Australia",150.851383,-33.780666,,,
Rookwood Necropolis: Sydney War Cemetery,Sydney, New South Wales, Australia,"Memorial Avenue Sydney, Cumberland Council, New South Wales, 2141 Australia",151.063721,-33.876973, Cumberland Council,,
Rookwood Necropolis: Section H ,Sydney, New South Wales, Australia,"Whelan Avenue Sydney, Rookwood, New South Wales, 2141 Australia 
                         
                    ",151.060988,-33.875529, Rookwood,http://www.rookwoodcemetery.com.au/,
Rookwood Necropolis: Section D,Sydney, New South Wales, Australia,"Necropolis Drive Sydney, New South Wales, 2141 Australia",151.062242,-33.871529,,,
Rookwood Necropolis: Section I ,Sydney, New South Wales, Australia,"Memorial Avenue Sydney, New South Wales, 2141 Australia",151.06302012016,-33.878542872231,,,
Rookwood Necropolis: Section J,Sydney, New South Wales, Australia,"Memorial Avenue Sydney, Cumberland Council, New South Wales, 2141 Australia",151.057631,-33.879117, Cumberland Council,,
Rookwood Necropolis: Section E,Sydney, New South Wales, Australia,"Centenary Drive Sydney, New South Wales, 2135 Australia",151.064132,-33.8737,,,
Rookwood Necropolis: Section G,Sydney, New South Wales, Australia,"Phillips Street Sydney, Cumberland Council, New South Wales, 2141 Australia",151.0586505368,-33.874029478131, Cumberland Council,,
Ronkana Cemetery,Central Coast, New South Wales, Australia,"185 Old Chittaway Road Central Coast, New South Wales, 2258 Australia",151.401229,-33.333755,,,
Rocky Glen Cemetery,Rocky Glen, New South Wales, Australia,"LOT 22 Borah Creek Rd Rocky Glen, New South Wales, 2357 Australia",149.561133,-31.098971,,,
Rookwood Necropolis: Section C,Sydney, New South Wales, Australia,"Haslem Drive Sydney, Cumberland Council, New South Wales, 2141 Australia",151.0588,-33.868836, Cumberland Council,,
Rookwood Necropolis: Section F,Sydney, New South Wales, Australia,"Oliver Avenue Sydney, Cumberland Council, New South Wales, 2141 Australia",151.054524,-33.875238, Cumberland Council,,
Rookwood Necropolis: Section B,Sydney, New South Wales, Australia,"William Drive Sydney, New South Wales, 2141 Australia",151.05331387048,-33.866774486194,,,
Rookwood Necropolis: Section A,Sydney, New South Wales, Australia,"Weekes Avenue Sydney, Cumberland Council, New South Wales, 2141 Australia",151.049155,-33.871277, Cumberland Council,,
Rocky Dam Cemetery,Coolatai, New South Wales, Australia,"LOT 30 Warialda Rd Coolatai, New South Wales, 2402 Australia",150.728061,-29.086593,,,
Rockley Homestead Cemetery,Emmaville, New South Wales, Australia,"LOT 5 Rose Valley Rd Emmaville, New South Wales, 2371 Australia",151.566428,-29.441681,,,
Rockdale Uniting Churchyard,Sydney, New South Wales, Australia,"Chapel Lane Sydney, Bayside Council, New South Wales, 2216 Australia",151.13818,-33.95333, Bayside Council,,
Rollands Plains Cemetery,Rollands Plains, New South Wales, Australia,"LOT 83 Upper Rollands Plains Rd Rollands Plains, New South Wales, 2441 Australia",152.67794807985,-31.281453933167,,,
Roberts Family Cemetery,Cattai, New South Wales, Australia,"660 Halcrows Rd Cattai, New South Wales, 2756 Australia",150.919189,-33.554467,,,
Rookwood Necropolis: Catholic Cemetery Management (Area 2),Sydney, New South Wales, Australia,"Gilroy Street Sydney, Cumberland Council, New South Wales, 2141 Australia 
                         
                    ",151.053321,-33.881509, Cumberland Council,http://search.catholiccemeteries.org.au/,
Rocky Hall Cemetery,Rocky Hall, New South Wales, Australia,"LOT 7300 Cemetery Rd Rocky Hall, New South Wales, 2550 Australia",149.536838,-36.948339,,,
Rookwood Necropolis: Rookwood Gardens Crematorium,Sydney, New South Wales, Australia,"Memorial Avenue Sydney, Cumberland Council, New South Wales, 2141 Australia",151.05846,-33.876705, Cumberland Council,,
Rookwood Necropolis: Catholic Cemetery Management (Area 1),Sydney, New South Wales, Australia,"Railway Street Sydney, New South Wales, 2141 Australia",151.04936666712,-33.865971091431,,,
Rockley (Jumpers Flat) Cemetery,Rockley, New South Wales, Australia,"LOT 3 Triangle Flat Road Rockley, New South Wales, 2795 Australia",149.535393,-33.715633,,,
Riverdale Cemetery,Collie, New South Wales, Australia,"LOT 4 Dicks Camp Ln Collie, Warren Shire Council, New South Wales, 2827 Australia",148.211132,-31.690848, Warren Shire Council,,
Robert Johnson Grave,Huskisson, New South Wales, Australia,"LOT 143 Burrill Street Huskisson, New South Wales, 2540 Australia",150.676377,-35.042882,,,
Robin Hayes ,Bellbrook , New South Wales, Australia,"Nulla Nulla Creek Road Bellbrook , Kempsey Shire Council, New South Wales Australia",152.500796,-30.729945, Kempsey Shire Council,,
Richmond Catholic Burial Ground,Sydney, New South Wales, Australia,"6 Bourke Street Sydney, New South Wales, 2753 Australia",150.75993,-33.59939,,,
Robertson Cemetery,Robertson, New South Wales, Australia,"35 Missingham Parade Robertson, New South Wales, 2577 Australia",150.591469,-34.602259,,,
Reids Flat Cemetery,Reids Flat, New South Wales, Australia,"LOT 64 Orient St Reids Flat, New South Wales, 2586 Australia",149.014199,-34.127721,,,
Regan Family graves,Berrigal, New South Wales, Australia,"LOT 2 Terry Hie Hie Narrabri Rd Berrigal, New South Wales, 2390 Australia",150.126118,-29.946112,,,
Repton Cemetery,Repton, New South Wales, Australia,"50 Old Coast Rd Repton, New South Wales, 2454 Australia",153.030101,-30.431371,,,
Richmond War Cemetery,Sydney, New South Wales, Australia,"240 Dight Street Sydney, New South Wales, 2753 Australia",150.771055,-33.596369,,,
Riverstone Cemetery,Sydney, New South Wales, Australia,"1 Cemetery Road Sydney, New South Wales, 2765 Australia",150.84782,-33.68541,,,
Richmond North - Saint Phillip's Anglican Church Graveyard,North Richmond, New South Wales, Australia,"151 Bells Line Of Rd North Richmond, New South Wales, 2754 Australia",150.71268,-33.57368,,,
Riverside Cemetery,Queanbeyan, New South Wales, Australia,"Baden Powell Pl Queanbeyan, New South Wales, 2620 Australia",149.235143,-35.344176,,,
Ravine General Cemetery,Pinbeyan, New South Wales, Australia,"Lobbs Hole Powerline Rd Pinbeyan, New South Wales, 2720 Australia",148.392047,-35.779308,,,
Richmond (Jersey St) Cemetery,Sydney, New South Wales, Australia,"9 Jersey Street Sydney, New South Wales, 2753 Australia",150.761754,-33.597303,,,
Rawsonville Cemetery,Rawsonville, New South Wales, Australia,"LOT 90 Rawsonville Rd Rawsonville, New South Wales, 2830 Australia",148.476335,-32.172109,,,
Ramornie Cemetery,Ramornie, New South Wales, Australia,"LOT 7309 Gwydir Hwy Ramornie, New South Wales, 2460 Australia 
                         
                    ",152.802111,-29.646511,,http://www.clarence.nsw.gov.au/cp_themes/metro/csearch.asp,
riverside Cemetery,Queanbeyan, New South Wales, Australia,"LOT 2 Lanyon Dr Queanbeyan, undefined, New South Wales, 2619 Australia",149.201576,-35.368941, undefined,,
Raymond Terrace - Saint Brigid Catholic Church ,Raymond Terrace, New South Wales, Australia,"69 William Street Raymond Terrace, New South Wales, 2324 Australia",151.74658166139,-32.764678365801,,,
Redbank (Uniting) Cemetery,Picton, New South Wales, Australia,"813 Thirlmere Way Picton, New South Wales, 2571 Australia",150.605585,-34.185891,,,
Redbank Cemetery,Pampoolah, New South Wales, Australia,"LOT 7305 Old Bar Rd Pampoolah, New South Wales, 2430 Australia",152.515511,-31.949963,,,
Quipolly Cemetery,Quipolly, New South Wales, Australia,"LOT 7302 Kamilaroi Hwy Quipolly, New South Wales, 2343 Australia",150.616035,-31.447575,,,
Red Range Cemetery,Red Range, New South Wales, Australia,"LOT 2 Red Range Cemetery Rd Red Range, New South Wales, 2370 Australia",151.882498,-29.764319,,,
Reedy Creek Cemetery,Reedy Creek, New South Wales, Australia,"1310 Mirannie Rd Reedy Creek, New South Wales, 2330 Australia",151.333773,-32.47894,,,
Raymond Terrace - Saint Johns Anglican Church,Raymond Terrace, New South Wales, Australia,"45 Sturgeon Street Raymond Terrace, Port Stephens Council, New South Wales, 2324 Australia",151.74184662361,-32.765012045002, Port Stephens Council,,
Raymond Terrace Cemetery,Raymond Terrace, New South Wales, Australia,"1-3 Elizabeth Avenue Raymond Terrace, New South Wales, 2324 Australia",151.75252,-32.76877,,,
Quialigo - Saint Mark Anglican Church/Graveyard,Quialigo, New South Wales, Australia,"LOT 113 Hawks Ln Quialigo, New South Wales, 2580 Australia",149.76012,-34.9936,,,
Queanbeyan Lawn Cemetery ,Queanbeyan, New South Wales, Australia,"65 Tharwa Road Queanbeyan, Queanbeyan City Council, New South Wales, 2620 Australia",149.220802,-35.358299, Queanbeyan City Council,,
Queanbeyan Lawn Cemetery,Queanbeyan, New South Wales, Australia,"Queanbeyan, New South Wales, 2619 Australia",149.20161335704,-35.368956588771,,,
Quins Cemetery,Owens Gap, New South Wales, Australia,"2055 Bunnan Rd Owens Gap, New South Wales, 2337 Australia",150.709167,-32.041389,,,
Rannock Cemetery,Rannock, New South Wales, Australia,"Chants Ln Rannock, New South Wales, 2701 Australia",147.236967,-34.634055,,,
Rankins Springs Cemetery,Rankins Springs, New South Wales, Australia,"Rankins Springs Road Rankins Springs, Carrathool Shire Council, New South Wales, 2669 Australia",146.291155,-33.825577, Carrathool Shire Council,,
Quipolly (Saint Chad) Anglican Churchyard,Quipolly, New South Wales, Australia,"LOT 633 Taylors Ln Quipolly, New South Wales, 2343 Australia",150.64744,-31.44034,,,
Quambone Cemetery,Quambone, New South Wales, Australia,"Quambone Rd Quambone, New South Wales, 2831 Australia",147.885901,-30.92812,,,
Putty - Boggy Swamp Creek graves,Putty, New South Wales, Australia,"LOT 100 Putty Rd Putty, New South Wales, 2330 Australia",150.703581,-32.942881,,,
Pyramul Cemetery,Pyramul, New South Wales, Australia,"1342 Pyramul Rd Pyramul, New South Wales, 2850 Australia",149.618011,-32.889441,,,
Purfleet Cemetery,Kiwarrak, New South Wales, Australia,"Old Pacific Hwy Kiwarrak, New South Wales, 2430 Australia",152.466151,-31.949357,,,
Quirindi Cemetery,Quirindi, New South Wales, Australia,"LOT 5 Russell St Quirindi, New South Wales, 2343 Australia",150.687489,-31.517514,,,
Pretty Gully Cemetery,Tabulam, New South Wales, Australia,"LOT 1 Paddys Flat Rd Tabulam, New South Wales, 2469 Australia",152.451111,-28.784453,,,
Port Phillip Neddies grave,Nerrigundah, New South Wales, Australia,"LOT 5 Murphys Ridge Rd Nerrigundah, New South Wales, 2545 Australia",149.820318,-36.212266,,,
Pulpit Hill cemetery,Blue Mountains, New South Wales, Australia,"16 Explorers Road Blue Mountains, Blue Mountains City Council, New South Wales, 2780 Australia",150.289115,-33.702351, Blue Mountains City Council,,
Polia Cemetery,Pooncarie, New South Wales, Australia,"LOT 1 Polia Rd Pooncarie, New South Wales, 2648 Australia",142.293359,-33.203931,,,
Quaama Cemetery,Quaama, New South Wales, Australia,"42 Orient Street Quaama, New South Wales, 2550 Australia",149.87355,-36.46957,,,
Randwick General Cemetery,Sydney, New South Wales, Australia,"121 Malabar Road Sydney, New South Wales, 2034 Australia 
                         
                    ",151.25504,-33.92999,,http://www.randwick.nsw.gov.au/A_sense_of_community/Library/Local_studies/Family_history/Cemetery_records/index.aspx,
Primrose Valley - Saint Thomas Anglican Church Graveyard,Primrose Valley, New South Wales, Australia,"1909 Captains Flat Rd Primrose Valley, New South Wales, 2621 Australia",149.382732,-35.4392,,,
Porters Retreat Cemetery,Porters Retreat, New South Wales, Australia,"Goulburn Oberon Rd Porters Retreat, New South Wales, 2787 Australia",149.791546,-33.989452,,,
Pitt Town (Saint James) Anglican Cemetery,Pitt Town, New South Wales, Australia,"60 Old Pitt Town Road Pitt Town, New South Wales, 2756 Australia",150.87138,-33.58839,,,
Port Macquarie Cemetery,Port Macquarie, New South Wales, Australia,"61 Widderson St Port Macquarie, New South Wales, 2444 Australia",152.888779,-31.440157,,,
Punchbowl - Saint Saviour's Anglican Church Graveyard,Sydney, New South Wales, Australia,"1353 Canterbury Road Sydney, New South Wales, 2196 Australia",151.05524,-33.93119,,,
Piney Range (Walbundrie) Cemetery,Walbundrie, New South Wales, Australia,"LOT 2 Urana Rd Walbundrie, New South Wales, 2642 Australia",146.705889,-35.682033,,,
Pomeroy Uniting Churchyard (Saint James Anglican Churchyard),Pomeroy, New South Wales, Australia,"LOT 7 Gurrundah Rd Pomeroy, New South Wales Australia 
                         
                    ",149.59935655953,-34.748579365808,,https://www.gundaroo.info/genealogy/cemeteries/kippilaw/kippilaw.pdf,
Port Macquarie - Innes Memorial Gardens *,Port Macquarie, New South Wales, Australia,"7 Philip Charley Dr Port Macquarie, New South Wales, 2444 Australia",152.859477,-31.462131,,,
Port Macquarie - Allmans Hill Historic Cemetery *,Port Macquarie, New South Wales, Australia,"1A Clarence St Port Macquarie, New South Wales, 2444 Australia",152.914301,-31.428311,,,
Port Macquarie (Kooloonbung Creek) Historic Cemetery,Port Macquarie, New South Wales, Australia,"68 Gordon St Port Macquarie, New South Wales, 2444 Australia",152.908694,-31.434881,,,
Pooncarie Cemetery,Pooncarie, New South Wales, Australia,"12 Cemetery Road Pooncarie, undefined, New South Wales, 2648 Australia",142.571,-33.385, undefined,,
Point Frederick Pioneer Park Cemetery,Central Coast, New South Wales, Australia,"1 Albany Street Central Coast, New South Wales, 2250 Australia",151.341945,-33.449594,,,
Pitt Town Cemetery,Pitt Town, New South Wales, Australia,"146 Avondale Rd Pitt Town, New South Wales, 2756 Australia",150.878802,-33.589539,,,
Point Clare General Cemetery,Central Coast, New South Wales, Australia,"LOT 7013 Cemetery Road Central Coast, New South Wales, 2250 Australia",151.31286,-33.43448,,,
Picton,Picton, New South Wales, Australia,"90-92 Menangle Street Picton, Wollondilly Shire Council, New South Wales, 2571 Australia",150.61460327719,-34.171932808456, Wollondilly Shire Council,,
Petersham (Saint Columbas and Holy Soul) Catholic Churchyard,Sydney, New South Wales, Australia,"15 Maria Street Sydney, New South Wales, 2049 Australia",151.15241,-33.89804,,,
Pitt Town (Saint James) Churchyard,Pitt Town, New South Wales, Australia,"99 Bathurst Street Pitt Town, New South Wales, 2756 Australia",150.8574,-33.58427,,,
Pleasant Hills (Lutheran) Churchyard,Pleasant Hills, New South Wales, Australia,"1 Henty Pleasant Hills Rd Pleasant Hills, New South Wales, 2658 Australia",146.79996,-35.46708,,,
Pioneer Memorial Park,Sydney, New South Wales, Australia,"Greg Taylor Avenue Sydney, New South Wales, 2036 Australia",151.235868,-33.973779,,,
Pioneer Hill Historic Cemetery (Raymond Terrace),Raymond Terrace, New South Wales, Australia,"Elizabeth Avenue Raymond Terrace, New South Wales, 2324 Australia",151.75136,-32.76704,,,
Penrith - Saint Nicholas of Myra Catholic Church Graveyard *,Sydney, New South Wales, Australia,"Higgins Lane Sydney, New South Wales, 2750 Australia",150.70031,-33.75456,,,
Picton - Saint Mark Anglican Church/Graveyard,Picton, New South Wales, Australia,"Davison Ln Picton, New South Wales, 2571 Australia",150.61046,-34.1694,,,
Pilot Point Cemetery,Harrington, New South Wales, Australia,"LOT 7032 High St Harrington, New South Wales, 2427 Australia",152.691365,-31.871779,,,
Peelwood Cemetery,Peelwood, New South Wales, Australia,"LOT 7009 Peelwood Rd Peelwood, New South Wales, 2583 Australia",149.427903,-34.110187,,,
Perthville (Catholic) Churchyard,Perthville, New South Wales, Australia,"5 Tenison Woods Avenue Perthville, New South Wales, 2795 Australia 
                         
                    ",149.54909,-33.49239,,http://www.perthvillesisters.catholic.org.au/,
Pilliga Cemetery,Pilliga, New South Wales, Australia,"Pilliga Road Pilliga, Walgett Shire Council, New South Wales, 2388 Australia",148.888118,-30.357952, Walgett Shire Council,,
Perthville (Uniting) Churchyard,Perthville, New South Wales, Australia,"15 Vale Rd Perthville, New South Wales, 2795 Australia",149.54734,-33.48601,,,
Pinegrove Memorial Park Lawn Cemetery,Sydney, New South Wales, Australia,"Kington St, Minchinbury, Sydney, undefined, New South Wales, 2770 Australia 
                         
                    ",150.845932,-33.789184, undefined,https://www.pinegrovecrem.com.au/,
Penrith General Cemetery known as Kingswood Cemetery,Sydney, New South Wales, Australia,"8-10 Richmond Road Sydney, New South Wales, 2747 Australia",150.720500401466,-33.7568788220226,,,
Pat Smith Park,Urliup, New South Wales, Australia,"69 Dulguigan Rd Urliup, New South Wales, 2484 Australia",153.388039,-28.291961,,,
Penrose General Cemetery,Penrose, New South Wales, Australia,"Cemetery Fire Track Penrose, New South Wales, 2579 Australia",150.19827,-34.67893,,,
Peel Cemetery,Peel, New South Wales, Australia,"LOT 1 Sofala Rd Peel, New South Wales, 2795 Australia",149.637351,-33.329452,,,
Penrith - Saint Stephens Anglican Church Cemetery *,Sydney, New South Wales, Australia,"258-280 High Street Sydney, New South Wales, 2750 Australia 
                         
                    ",150.703259941139,-33.755781264798,,http://austcemindex.com/cemetery?cemid=1966,
Pearce Family Cemetery,Sydney, New South Wales, Australia,"181z Seven Hills Road Sydney, New South Wales, 2153 Australia",150.95612,-33.757067,,,
Parkwood (Southwell) graves,Wallaroo, New South Wales, Australia,"Creek Pl Wallaroo, New South Wales, 2618 Australia",148.980573,-35.198232,,,
Peak Hill Cemetery,Peak Hill, New South Wales, Australia,"National Highway 39 Peak Hill, New South Wales, 2869 Australia",148.189028,-32.693159,,,
Parkes Cemetery,Parkes, New South Wales, Australia,"LOT 125 Wellington Road Parkes, New South Wales Australia",148.2729138,-33.0451742,,,
Parkesbourne (Uniting) Church/graveyard,Parkesbourne, New South Wales, Australia,"20 Church Hall Rd Parkesbourne, New South Wales, 2580 Australia",149.528888,-34.759166,,,
Paterson Cemetery,Paterson, New South Wales, Australia,"285 Webbers Creek Rd Paterson, New South Wales, 2421 Australia",151.60761620326,-32.607015673176,,,
Palmers Oaky Creek Cemetery,Palmers Oaky, New South Wales, Australia,"LOT 63 Dark Corner Rd Palmers Oaky, New South Wales, 2795 Australia",149.866003,-33.199303,,,
Paterson - Saint Paul's Anglican Church Graveyard,Paterson, New South Wales, Australia,"13 Duke St Paterson, New South Wales, 2421 Australia",151.61855,-32.60047,,,
Parramatta - Saint John Anglican Cemetery,Sydney, New South Wales, Australia,"27 Hunter Street Sydney, New South Wales, 2150 Australia",150.99845,-33.81686,,,
Paddy's Land Cemetery,Glen Innes, New South Wales, Australia,"3 East Avenue Glen Innes, Glen Innes Severn Shire Council, New South Wales Australia",151.733605,-29.740238, Glen Innes Severn Shire Council,,
Paddy's Gully Cemetery,Backwater, New South Wales, Australia,"Deans Road Backwater, New South Wales, 2365 Australia",151.922822,-30.078248,,,
Oxley Cemetery,Oxley, New South Wales, Australia,"LOT 533 Oxley Clare Rd Oxley, Balranald Shire Council, New South Wales, 2711 Australia",144.089191,-34.171352, Balranald Shire Council,,
Parramatta Methodist Cemetery,Sydney, New South Wales, Australia,"2b Buller Street Sydney, New South Wales, 2151 Australia",151.012498,-33.808376,,,
Parramatta (All Saints) Cemetery,Sydney, New South Wales, Australia,"11 Brickfield Street Sydney, New South Wales, 2151 Australia",151.010812,-33.805606,,,
Pambula Cemetery,Pambula, New South Wales, Australia,"4 Munje St Pambula, New South Wales, 2549 Australia",149.883728,-36.929414,,,
Paddy's Flat Cemetery,Paddys Flat, New South Wales, Australia,"2296 Paddy's Flat Rd Paddys Flat, New South Wales, 2469 Australia",152.421971,-28.71979,,,
Pampoolah - McCartney Lone Grave,Pampoolah, New South Wales, Australia,"100 Redbank Road Pampoolah, New South Wales, 2430 Australia",152.53397463413,-31.946394742004,,,
Owens Gap Cemetery,Owens Gap, New South Wales, Australia,"2055 Bunnan Rd Owens Gap, New South Wales, 2337 Australia",150.710381,-32.039637,,,
Overton Cemetery,Oaklands, New South Wales, Australia,"LOT 7300 Beales Rd Oaklands, New South Wales, 2646 Australia",146.268411,-35.500683,,,
Owen Maloney,Glenworth Valley, New South Wales, Australia,"Cooks Road Glenworth Valley, New South Wales Australia",151.209992,-33.401764,,,
Parkes Cemetery,Parkes, New South Wales, Australia,"2 Wellington Rd Parkes, New South Wales, 2870 Australia",148.193346,-33.136772,,,
Oxley Island Cemetery,Oxley Island, New South Wales, Australia,"102 Oxley Island Rd Oxley Island, New South Wales, 2430 Australia",152.569327,-31.909986,,,
Pallamallawa Cemetery,Pallamallawa, New South Wales, Australia,"North St Pallamallawa, New South Wales, 2399 Australia",150.132014,-29.465662,,,
Olive Family Cemetery,Whiporie, New South Wales, Australia,"Summerland Way Summerland Way Whiporie, Richmond Valley Council, New South Wales, 2469 Australia",152.984955,-29.265636, Richmond Valley Council,,
Old Sydney Burial Ground,Sydney, New South Wales, Australia,"11 George St Sydney, New South Wales, 2000 Australia 
                         
                    ",151.20608,-33.8733,,http://www.cityofsydney.nsw.gov.au/learn/history/people-and-places/old-sydney-burial-ground,
Old Marulan Catholic Cemetery,Marulan, New South Wales, Australia,"National Highway 31 Marulan, New South Wales, 2579 Australia",149.986282,-34.728071,,,
Old Mans Valley Cemetery,Hornsby, New South Wales, Australia,"LOT 7079 Quarry Rd Hornsby, New South Wales, 2077 Australia 
                         
                    ",151.092397,-33.699448,,http://www.hawkesbury.net.au/cemetery/old_mans_valley/index.html,
Old Cross Roads Cemetery,Rosewood, New South Wales, Australia,"LOT 7301 Rosewood Rd Rosewood, New South Wales, 2446 Australia",152.686378,-31.470181,,,
Our Lady of Victories Church,Newcastle, New South Wales, Australia,"5 Lovell Parade Newcastle, Newcastle City Council, New South Wales, 2307 Australia",151.69448892849,-32.888225938726, Newcastle City Council,,
Oswald Methodist Cemetery,Oswald, New South Wales, Australia,"90 Oswald Road Oswald, Maitland , New South Wales, 2321 Australia",151.42137912384,-32.701174604917, Maitland ,,
Old Cowabbie Station Cemetery,Cowabbie, New South Wales, Australia,"E West Rd Cowabbie, New South Wales, 2663 Australia",146.968,-34.582,,,
Ophir Cemetery,Ophir, New South Wales, Australia,"LOT 24 Ophir Rd Ophir, New South Wales, 2800 Australia",149.249413,-33.156299,,,
Overton Private Cemetery,Bonalbo, New South Wales, Australia,"LOT 2 Clarence Way Bonalbo, New South Wales, 2469 Australia",152.593149,-28.696491,,,
Old Cemetery Gunnedah NSW Australia 2380,Gunnedah, New South Wales, Australia,"71 Hunter Street Gunnedah, Gunnedah Shire Council, New South Wales, 2380 Australia",150.249725,-30.985599, Gunnedah Shire Council,,
Ollera / Tenterden Cemetery,Wandsworth, New South Wales, Australia,"LOT 109 Tenterden Rd Wandsworth, New South Wales, 2365 Australia",151.52190339572,-30.11781547186,,,
Old Black Springs,Black Springs, New South Wales, Australia,"White Springs Road Black Springs, New South Wales, 2787 Australia",149.69967,-33.85964,,,
Orange General Cemetery,Orange, New South Wales, Australia,"259 Lone Pine Ave Orange, New South Wales, 2800 Australia",149.121943,-33.294805,,,
Old (South) Bowenfels Wesleyan Cemetery,South Bowenfels, New South Wales, Australia,"3518 Great Western Hwy South Bowenfels, New South Wales, 2790 Australia",150.123785,-33.511584,,,
Old (South) Bowenfels Presbyterian Cemetery,South Bowenfels, New South Wales, Australia,"LOT 62 Great Western Hwy South Bowenfels, New South Wales, 2790 Australia",150.123721,-33.510895,,,
Ogilvie Vault,Baryulgil, New South Wales, Australia,"351 Lionsville Rd Baryulgil, New South Wales, 2460 Australia",152.572902,-29.217901,,,
Old Narrabri Cemetery,Narrabri, New South Wales, Australia,"LOT 1A Bailey St Narrabri, New South Wales, 2390 Australia",149.792242,-30.316352,,,
Old Marulan General (Anglican) Cemetery,Marulan, New South Wales, Australia,"S Marulan Rd Marulan, New South Wales, 2579 Australia 
                         
                    ",149.981543,-34.73164,,https://www.australiancemeteries.com.au/nsw/goulburn/marulan_gen_data.htm,
Old Junee Cemetery,Old Junee, New South Wales, Australia,"LOT 1 Marah St Old Junee, New South Wales, 2652 Australia",147.515316,-34.828864,,,
Palmdale Crematorium,Palmdale, New South Wales, Australia,"57 Palmdale Road Palmdale, New South Wales, 2258 Australia",151.37468,-33.33066,,,
Obley Cemetery,Obley, New South Wales, Australia,"41 Matthews Rd Obley, New South Wales, 2868 Australia",148.559081,-32.690243,,,
Oberon - Saint Barnabas Anglican Church Graveyard,Oberon, New South Wales, Australia,"104 Oberon St Oberon, New South Wales, 2787 Australia",149.85873,-33.70481,,,
Old Dubbo Cemetery  ,Dubbo, New South Wales, Australia,"LOT 7313 Myall St Dubbo, Dubbo City Council, New South Wales, 2830 Australia",148.628376,-32.240368, Dubbo City Council,,
Oakey Creek graves,Coolah, New South Wales, Australia,"Kerrawah Rd Coolah, New South Wales, 2843 Australia",149.763271,-31.615264,,,
Oberon Methodist Cemetery,Oberon, New South Wales, Australia,"235 Duckmaloi Rd Oberon, New South Wales, 2787 Australia",149.883234,-33.710703,,,
Old Adaminaby Cemetery,Old Adaminaby, New South Wales, Australia,"LOT 303 Old Adaminaby Rd Old Adaminaby, New South Wales, 2629 Australia",148.733642,-36.047889,,,
Nyrang Creek Cemetery,Canowindra, New South Wales, Australia,"LOT 224 Nangar Rd Canowindra, New South Wales, 2804 Australia",148.573372,-33.546098,,,
Nyngan Chinese graves/burner,Nyngan, New South Wales, Australia,"Cemetery Road Nyngan, Bogan Shire Council, New South Wales, 2825 Australia",147.20594,-31.57294, Bogan Shire Council,,
Old (South) Bowenfels Catholic Cemetery,South Bowenfels, New South Wales, Australia,"LOT 51 Bowens St South Bowenfels, New South Wales, 2790 Australia",150.119837,-33.514223,,,
Nymboida Cemetery,Nymboida, New South Wales, Australia,"4132 Armidale Rd Nymboida, New South Wales, 2460 Australia",152.727842,-29.970014,,,
Numeralla Cemetery,Numeralla, New South Wales, Australia,"LOT 7303, Beresford Road Numeralla, New South Wales, 2630 Australia",149.335002,-36.161051,,,
Oberon Cemetery,Oberon, New South Wales, Australia,"Black Springs Goulburn Rd Oberon, New South Wales, 2787 Australia",149.833817,-33.706509,,,
Numbaa Cemetery,Numbaa, New South Wales, Australia,"441B Comerong Island Rd Numbaa, New South Wales Australia",150.648372,-34.857271,,,
Nullamanna Cemetery,Nullamanna, New South Wales, Australia,"LOT 7003 Nullamanna Rd Nullamanna, New South Wales, 2360 Australia",151.232278,-29.650288,,,
Oaklands Cemetery,Oaklands, New South Wales, Australia,"LOT 78 Berrigan Oaklands Rd Oaklands, New South Wales, 2646 Australia",146.144901,-35.558789,,,
Oakhampton Cemetery,Maitland, New South Wales, Australia,"265 Oakhampton Road Maitland, Maitland, New South Wales, 2320 Australia",151.564961,-32.704724, Maitland,,
O'Connell Cemetery,O'Connell, New South Wales, Australia,"Tarana O'Connell Rd O'Connell, New South Wales, 2795 Australia",149.742665,-33.546081,,,
O'Connell (Saint Thomas) Anglican Churchyard,O'Connell, New South Wales, Australia,"3870 Beaconsfield Road O'Connell, New South Wales, 2795 Australia",149.72464,-33.53608,,,
not a cemetery,Sydney, New South Wales, Australia,"37 Herbert Street Sydney, Penrith City Council, New South Wales, 2747 Australia",150.73340892792,-33.75425450497, Penrith City Council,,
Nowendoc Cemetery,Nowendoc, New South Wales, Australia,"LOT 7301 Thunderbolts Way Nowendoc, New South Wales, 2354 Australia",151.699358,-31.515534,,,
O'Connell (Saint Peter) Anglican Church Graveyard,O'Connell, New South Wales, Australia,"Tarana O'Connell Rd O'Connell, New South Wales Australia 
                         
                    ",149.86947,-33.54345,,http://austcemindex.com/cemetery?cemid=189,
Nundle cemetery,Nundle, New South Wales, Australia,"Nundle Cemetery Road Nundle, Tamworth Regional Council, New South Wales, 2340 Australia",151.13098618381,-31.481529962572, Tamworth Regional Council,,
Northern Rivers Memorial Park,South Gundurimba, New South Wales, Australia,"259 Coraki Road South Gundurimba, Lismore City Council, New South Wales, 2480 Australia",153.271426,-28.888923, Lismore City Council,,
"nothing here, delete this",Blue Mountains, New South Wales, Australia,"153 Katoomba Street Blue Mountains, Blue Mountains City Council, New South Wales, 2780 Australia",150.31126,-33.71581, Blue Mountains City Council,,
Nundle Cemetery,Nundle, New South Wales, Australia,"LOT 7011 Nundle Creek Rd Nundle, Tamworth Regional Council, New South Wales, 2340 Australia 
                         
                    ",151.131363,-31.481196, Tamworth Regional Council,http://austcemindex.com/?cemetery=nundle,
Nymagee Cemetery,Nymagee, New South Wales, Australia,"Glenwood Road Nymagee, Cobar Shire Council, New South Wales, 2831 Australia",146.298197,-32.083081, Cobar Shire Council,,
Nyngan Cemetery,Nyngan, New South Wales, Australia,"Cemetery Road Nyngan, Bogan Shire Council, New South Wales, 2825 Australia",147.206375,-31.57363, Bogan Shire Council,,
North Ryde,Sydney, New South Wales, Australia,"134 Coxs Road Sydney, Ryde City Council, New South Wales, 2113 Australia",151.123171,-33.795867, Ryde City Council,,
Nowra General/Lawn Cemetery,Nowra, New South Wales, Australia,"55-57 Kalandar Street Nowra, Shoalhaven City Council, New South Wales, 2541 Australia 
                         
                    ",150.60249260979,-34.887937789395, Shoalhaven City Council,http://cremweb.shoalhaven.nsw.gov.au/index.php/shoalhaven-cemeteries/general-cemeteries/nowra-cemetery,
North Head Cemetery 2 - Manly,Sydney, New South Wales, Australia,"Cottage Road Sydney, New South Wales, 2095 Australia",151.291,-33.818,,,
North Lismore Pioneer Cemetery,North Lismore, New South Wales, Australia,"17-23 Wilson St North Lismore, New South Wales, 2480 Australia",153.262203,-28.802722,,,
North Stannifer (Lone Grave),Stannifer, New South Wales, Australia,"Tingha Street Stannifer, New South Wales, 2369 Australia",151.23838,-29.87541,,,
Nulkaba (Cessnock) Cemetery,Cessnock, New South Wales, Australia,"67 Wine Country Drive Cessnock, New South Wales, 2325 Australia",151.34968,-32.81653,,,
Normanhurst - Loreto Convent Cemetery,Sydney, New South Wales, Australia,"Northconnex Sydney, New South Wales, 2076 Australia 
                         
                    ",151.09725350957,-33.724856268359,,http://austcemindex.com/cemetery?cemid=777,
North Tumbulgum Cemetery,North Tumbulgum, New South Wales, Australia,"867-885 McAuleys Rd North Tumbulgum, New South Wales, 2490 Australia 
                         
                    ",153.456688,-28.266363,,http://www.interment.net/data/aus/nsw/noriver/tumbulgum.htm    , https://austcemindex.com/cemetery.php?id=1910
Northern Suburbs Memorial Gardens (North Ryde),Sydney, New South Wales, Australia,"197 Delhi Road Sydney, New South Wales, 2113 Australia",151.15380474855,-33.79474384724,,,
Nimmitabel Cemetery,Nimmitabel, New South Wales, Australia,"LOT 7001 Hutchinson St Nimmitabel, New South Wales, 2631 Australia",149.27815,-36.4992,,,
North Lismore Old Cemetery,North Lismore, New South Wales, Australia,"199 Terania St North Lismore, New South Wales, 2480 Australia",153.262505,-28.800585,,,
Niangala Cemetery,Mernot, New South Wales, Australia,"LOT 7002 Niangala-Weabonga Rd Mernot, New South Wales, 2422 Australia",151.393071,-31.295797,,,
North Parramatta Cemetery - St Patrick's Catholic Cemetery,Sydney, New South Wales, Australia,"1 Pennant Hills Road Sydney, New South Wales, 2151 Australia",151.006004,-33.80181,,,
North Rocks Catholic Cemetery,Sydney, New South Wales, Australia,"395 North Rocks Road Sydney, Carlingford, New South Wales, 2118 Australia",151.040545,-33.768441, Carlingford,,
Newstead (Presbyterian) Churchyard,Newstead, New South Wales, Australia,"LOT 1 Elsmore Rd Newstead, New South Wales, 2360 Australia",151.34564,-29.82411,,,
North Gundagai Cemetery,Gundagai, New South Wales, Australia,"William Street Gundagai, Cootamundra-Gundagai Regional Council, New South Wales, 2722 Australia",148.112944,-35.051761, Cootamundra-Gundagai Regional Council,,
North Berry Jerry Cemetery,Berry Jerry, New South Wales, Australia,"Lewis Ln Berry Jerry, New South Wales, 2701 Australia",147.275419,-34.738897,,,
North Head Cemetery 1 - Manly,Sydney, New South Wales, Australia,"Asiatics Road Sydney, New South Wales, 2095 Australia",151.288765,-33.817306,,,
North Head Cemetery 3 - Manly,Sydney, New South Wales, Australia,"N Fort Rd Sydney, New South Wales, 2095 Australia",151.294663,-33.81765,,,
Noraville Cemetery,Central Coast, New South Wales, Australia,"7 Wilfred Barrett Drive Central Coast, New South Wales, 2263 Australia 
                         
                    ",151.557773,-33.276085,,http://www.wyong.nsw.gov.au/my-community/cemeteries-and-memorial-gardens/,
Nimbin General Cemetery,Nimbin, New South Wales, Australia,"137 Blue Knob Rd Nimbin, New South Wales, 2480 Australia",153.212006,-28.579811,,,
Nimmitabel Pioneer Cemetery,Nimmitabel, New South Wales, Australia,"19 Boyd St Nimmitabel, New South Wales, 2631 Australia",149.286944,-36.504431,,,
New Angledool Cemetery,Angledool, New South Wales, Australia,"Leighton Street Angledool, Brewarrina Shire Council, New South Wales, 2832 Australia",147.918488,-29.109149, Brewarrina Shire Council,,
New Mexico Cemetery,Wongo Creek, New South Wales, Australia,"Borah Crossing Wongo Creek, New South Wales, 2346 Australia",150.573207,-30.737044,,,
New Italy Cemetery,Bungawalbin, New South Wales, Australia,"Cliff Rd Bungawalbin, New South Wales, 2469 Australia",153.216744,-29.150549,,,
New Adaminaby Cemetery,Old Adaminaby, New South Wales, Australia,"Bolairo Rd Old Adaminaby, New South Wales, 2629 Australia",148.786272,-36.000702,,,
Neville Cemetery,Neville, New South Wales, Australia,"Blayney Shaw Neville Rd Neville, New South Wales, 2799 Australia",149.211481,-33.720806,,,
Newbridge Cemetery,Newbridge, New South Wales, Australia,"LOT 3 Wimbledon Road Newbridge, New South Wales, 2795 Australia",149.38456,-33.58553,,,
Newcastle - Saint Andrew Presbyterian Church,Newcastle, New South Wales, Australia,"32 Auckland Street Newcastle, New South Wales, 2300 Australia",151.77115,-32.92922,,,
Newcastle Memorial Park,Maitland, New South Wales, Australia,"35 Pasedena Crescent Maitland, New South Wales, 2322 Australia",151.65274,-32.806001,,,
Nerriga Cemetery,Nerriga, New South Wales, Australia,"LOT 50 Willow Forest Rd Nerriga, New South Wales, 2622 Australia",150.086772,-35.112615,,,
Nerriga Catholic Cemetery,Nerriga, New South Wales, Australia,"LOT 99 Nerriga Rd Nerriga, New South Wales, 2622 Australia",150.081021,-35.122462,,,
Netley Homestead cemetery,Menindee, New South Wales, Australia,"Old Pooncarie Road Menindee, Central Darling Shire Council, New South Wales, 2879 Australia",142.372627,-32.758567, Central Darling Shire Council,,
Newbridge (Saint David) Presbyterian Churchyard,Newbridge, New South Wales, Australia,"890 Moorilda Rd Newbridge, New South Wales, 2795 Australia",149.33868,-33.60879,,,
Nattai River - Lone grave,Blue Mountains National Park South, New South Wales, Australia,"The Sheepwalk Dr Blue Mountains National Park South, New South Wales, 2570 Australia",150.452387,-34.129869,,,
Narrawa Cemetery,Narrawa, New South Wales, Australia,"Narrawa Rd Narrawa, New South Wales, 2583 Australia",149.159206,-34.436084,,,
Neely Burial Ground,Cassilis, New South Wales, Australia,"10413 Golden Hwy Cassilis, New South Wales, 2329 Australia",149.880278,-32.053056,,,
Nevertire Cemetery,Nevertire, New South Wales, Australia,"LOT 5 Oxley Hwy Nevertire, Warren Shire Council, New South Wales, 2826 Australia",147.733553,-31.832408, Warren Shire Council,,
Nerrigundah Old Cemetery,Nerrigundah, New South Wales, Australia,"LOT 13 Belowra Road Nerrigundah, New South Wales, 2545 Australia",149.89778,-36.11663,,,
New Dubbo Cemetery,Dubbo, New South Wales, Australia,"Dunedoo Road Dubbo, New South Wales, 2830 Australia 
                         
                    ",148.642358322754,-32.2332138047954,,Dubbo Regional Council,
Neranie Head Cemetery,Bungwahl, New South Wales, Australia,"Neranie St Bungwahl, New South Wales, 2423 Australia",152.449551,-32.408351,,,
New South Wales Garden of Remembrance ,Sydney, New South Wales, Australia,"Memorial Avenue Sydney, Sydney, New South Wales, 2141 Australia 
                         
                    ",151.06357307459,-33.877676524902, Sydney,https://www.warmemorialsregister.nsw.gov.au/content/new-south-wales-garden-remembrance-rookwood,
Nerrigundah Cemetery,Nerrigundah, New South Wales, Australia,"Nerrigundah Mountain Road Nerrigundah, New South Wales, 2545 Australia",149.91077,-36.12128,,,
Naradhan Cemetery,Rankins Springs, New South Wales, Australia,"Rankins Springs Road Rankins Springs, Carrathool Shire Council, New South Wales, 2669 Australia",146.327591,-33.587596, Carrathool Shire Council,,
Nelson Bay Cemetery,Nelson Bay, New South Wales, Australia,"43 Stockton Street Nelson Bay, New South Wales, 2315 Australia",152.14219,-32.72512,,,
Nangus Cemetery,Nangus, New South Wales, Australia,"Nangus Road Nangus, Cootamundra-Gundagai Regional Council, New South Wales, 2722 Australia",147.901339,-35.051511, Cootamundra-Gundagai Regional Council,,
Nambucca Heads Graves,Nambucca Heads, New South Wales, Australia,"Shelly Beach Rd Nambucca Heads, New South Wales Australia",153.015671,-30.645241,,,
Narraburra Cemetery,Trungley Hall, New South Wales, Australia,"1618 Trungley Hall Rd Trungley Hall, New South Wales, 2666 Australia",147.553253,-34.309873,,,
Narooma  - Lone graves,Narooma, New South Wales, Australia,"Pilot St Narooma, New South Wales, 2546 Australia",150.138383,-36.21828,,,
Nelligen Cemetery,Nelligen, New South Wales, Australia,"LOT 84 Runnyford Rd Nelligen, New South Wales, 2536 Australia",150.133897,-35.651612,,,
Nambucca Heads graves,Nambucca Heads, New South Wales, Australia,"28 Parkes St Nambucca Heads, New South Wales, 2448 Australia",153.012107,-30.645287,,,
Narrabri Old Cemetery,Narrabri, New South Wales, Australia,"Stoney Creek Road Narrabri, New South Wales, 2390 Australia 
                         
                    ",149.792919,-30.326395,,http://www.narrabri.nsw.gov.au/cemeteries-1113.html,
Narrabri Lawn Cemetery,Narrabri, New South Wales, Australia,"Kamilaroi Highway Narrabri, Australia, New South Wales, 2390 Australia",149.766418,-30.359369, Australia,,
Narromine General Cemetery,Narromine, New South Wales, Australia,"Lot 60 Dappo Road Narromine, New South Wales Australia",148.242681,-32.247408,,,
Narellan Cemetery,Sydney, New South Wales, Australia,"6 Richardson Road Sydney, New South Wales, 2567 Australia",150.733,-34.04434,,,
Narrandera Cemetery,Narrandera, New South Wales, Australia,"115 Douglas Street Narrandera, Narrandera Shire Council, New South Wales, 2700 Australia",146.542577798828,-34.7412220361749, Narrandera Shire Council,,
Nanima Cemetery,,,,"6945 Goolma Road Wuuluman, Wellington, Dubbo Regional Council, New South Wales, 2820 Australia",148.95652382037,-32.535720441205,,,
Narooma General Cemetery,Narooma, New South Wales, Australia,"Glasshouse Rocks Rd Narooma, New South Wales, 2546 Australia",150.140297,-36.228229,,,
Myra Vale Cemetery,Fitzroy Falls, New South Wales, Australia,"103 Redhills Road Fitzroy Falls, New South Wales, 2577 Australia",150.441887,-34.625119,,,
Myra Vale Cemetery,Dunmore, New South Wales, Australia,"300 Swamp Rd Dunmore, New South Wales, 2529 Australia",150.829574,-34.628509,,,
Mylneford Cemetery,Mylneford, New South Wales, Australia,"LOT 7304 Cemetery Rd Mylneford, New South Wales, 2460 Australia",152.839129,-29.633019,,,
Nabiac/Willow Point Cemetery,Failford, New South Wales, Australia,"LOT 7318 Carefree Rd Failford, New South Wales, 2430 Australia",152.420556,-32.112833,,,
Murrurundi North Cemetery,Murrurundi, New South Wales, Australia,"LOT 84 Mayne St Murrurundi, New South Wales, 2338 Australia",150.811064,-31.751434,,,
Murrurundi Family Cemetery,Murrurundi, New South Wales, Australia,"LOT 102 Spring Creek Rd Murrurundi, New South Wales, 2338 Australia",150.841941,-31.757693,,,
Nambucca Heads General Cemetery,Nambucca Heads, New South Wales, Australia,"LOT 7041 Charlton St Nambucca Heads, New South Wales, 2448 Australia",153.010947,-30.632798,,,
Murrurundi Church of England Cemetery,Murrurundi, New South Wales, Australia,"111 Liverpool Terrace Murrurundi, New South Wales, 2338 Australia",150.83164,-31.76431,,,
Myra Vale Cemetery,Wildes Meadow, New South Wales, Australia,"662 Myra Vale Road Wildes Meadow, New South Wales, 2577 Australia",150.52965,-34.62837,,,
Mutton Falls Cemetery,Tarana, New South Wales, Australia,"440 Mutton Falls Rd Tarana, New South Wales, 2787 Australia",149.869936,-33.543427,,,
Muttama Cemetery,Muttama, New South Wales, Australia,"South Street Muttama, Cootamundra-Gundagai Regional Council, New South Wales, 2722 Australia",148.122889783081,-34.817855434582, Cootamundra-Gundagai Regional Council,,
Murrumbateman Cemetery,Murrumbateman, New South Wales, Australia,"24-30 South St Murrumbateman, New South Wales, 2582 Australia",149.022222,-34.9708,,,
Murwillumbah General Cemetery,Murwillumbah, New South Wales, Australia,"Byangum Road ( between Tree St & Park Ave) Murwillumbah, Tweed Shire, New South Wales, 2484 Australia 
                         
                    ",153.37123,-28.33464, Tweed Shire,cemeteries@tweed.nsw.gov.au,
Muswellbrook General Cemetery,Muswellbrook, New South Wales, Australia,"85 Brecht St Muswellbrook, New South Wales, 2333 Australia",150.900832,-32.262114,,,
Mundoonen Methodist Cemetery,Yass River, New South Wales, Australia,"1316 Yass River Rd Yass River, New South Wales, 2582 Australia",149.084561,-34.900119,,,
Murrurundi Cemetery,Murrurundi, New South Wales, Australia,"LOT 1 Polding St Murrurundi, New South Wales, 2338 Australia",150.841459,-31.769905,,,
Murwillumbah Lawn Cemetery,Murwillumbah, New South Wales, Australia,"Tree St (near Tombonda Rd) Murwillumbah, Tweed Shire, New South Wales, 2484 Australia 
                         
                    ",153.372578,-28.335863, Tweed Shire,cemeteries@tweed.nsw.gov.au,
Murwillumbah Memorial Park / Old Cemetery,Murwillumbah, New South Wales, Australia,"Murwillumbah St (cnr of Banner St) Murwillumbah, Tweed Shire, New South Wales, 2484 Australia 
                         
                    ",153.391709,-28.325427, Tweed Shire,cemeteries@tweed.nsw.gov.au,
Murwillumbah Catholic Cemetery,Murwillumbah, New South Wales, Australia,"36 Kyogle Road Murwillumbah, Tweed Shire, New South Wales, 2484 Australia 
                         
                    ",153.37843,-28.33981, Tweed Shire,cemeteries@tweed.nsw.gov.au,
Mummel Cemetery,Mummel, New South Wales, Australia,"1717-1783 Range Rd Mummel, New South Wales, 2580 Australia",149.549932,-34.668026,,,
Mundarlo Cemetery,Mundarlo, New South Wales, Australia,"Old Hume Highway Mundarlo, Cootamundra-Gundagai Regional Council, New South Wales, 2729 Australia",147.812741,-35.105076, Cootamundra-Gundagai Regional Council,,
Murringo Cemetery,Murringo, New South Wales, Australia,"Lot 17 Murringo Gap Road Murringo, New South Wales, 2586 Australia",148.52252,-34.314,,,
Mullengrove (Methodist) Church/graveyard,Narrawa, New South Wales, Australia,"LOT 1 Mullengrove Rd Narrawa, New South Wales, 2583 Australia",149.187297,-34.479892,,,
Munyabla Cemetery,Munyabla, New South Wales, Australia,"LOT 2 Ryan Males Corner Rd Munyabla, New South Wales, 2658 Australia",146.920214,-35.501719,,,
Munni Cemetery (Quart Pot Cemetery),Underbank, New South Wales, Australia,"LOT 4 Salisbury Rd Underbank, New South Wales, 2420 Australia",151.641304,-32.277644,,,
Mullaley Cemetery,Mullaley, New South Wales, Australia,"LOT 239 High St Mullaley, New South Wales, 2379 Australia",149.921493,-31.095259,,,
Murrurundi (Saint Joseph) Catholic Churchyard,Murrurundi, New South Wales, Australia,"38-44 O'Connell St Murrurundi, New South Wales, 2338 Australia",150.83798,-31.76945,,,
Mungindi Lawn Cemetery,New South Wales, New South Wales, Australia,"21 Bucknell Street New South Wales, New South Wales, 2406 Australia",148.998602632355,-28.9801732883372,,,
Mungindi Cemetery,Mungindi, New South Wales, Australia,"LOT 34 Carnarvon Hwy Mungindi, New South Wales, 2406 Australia",149.021086,-29.006301,,,
Mundawaddery Cemetery,Pleasant Hills, New South Wales, Australia,"395 Henty Pleasant Hills Rd Pleasant Hills, New South Wales, 2658 Australia",146.850643,-35.475629,,,
Mulwala Cemetery,Mulwala, New South Wales, Australia,"69 Beams St Mulwala, New South Wales, 2647 Australia",145.996917,-35.988141,,,
Mt Kembla - Soldiers and Miners Memorial Anglican Church graveyard,Wollongong, New South Wales, Australia,"301 Cordeaux Road Wollongong, New South Wales, 2526 Australia 
                         
                    ",150.819142,-34.432799,,http://austcemindex.com/cemetery?cemid=1835,
Mullumbimby Cemetery,Mullumbimby, New South Wales, Australia,"LOT 185 Coolamon Ave Mullumbimby, New South Wales, 2482 Australia",153.49158,-28.556505,,,
Mullion Creek Cemetery,Mullion Creek, New South Wales, Australia,"LOT 1 Long Point Rd Mullion Creek, New South Wales, 2800 Australia",149.12207,-33.13789,,,
Mrs Abraham Malebers grave,Broulee - Mossy Point, New South Wales, Australia,"151 Annetts Parade Broulee - Mossy Point, New South Wales, 2537 Australia",150.189421,-35.856309,,,
Mullengandra Cemetery,Mullengandra, New South Wales, Australia,"LOT 10 Hume Hwy Mullengandra, New South Wales, 2644 Australia",147.151007,-35.917103,,,
Moyne Farm Cemetery,Little Hartley, New South Wales, Australia,"LOT 351 Coxs River Rd Little Hartley, New South Wales, 2790 Australia",150.191258,-33.595811,,,
Mudgee Memorial Park Cemetery,Mudgee, New South Wales, Australia,"20 Douro St Mudgee, New South Wales, 2850 Australia",149.583192,-32.59147,,,
Mount York Cemetery,Hartley Vale, New South Wales, Australia,"256 Hartley Vale Rd Hartley Vale, New South Wales, 2790 Australia",150.22306,-33.53997,,,
Mulgoa - Saint Thomas Anglican Church Graveyard,Mulgoa, New South Wales, Australia,"43 St Thomas Rd Mulgoa, New South Wales, 2745 Australia",150.65534,-33.8296,,,
Mulbring Cemetery,Mulbring, New South Wales, Australia,"111 Old Cessnock Rd Mulbring, New South Wales, 2323 Australia",151.478141,-32.906812,,,
Mudgee - Apple Tree Flat Tannabutta Cemetery,Apple Tree Flat, New South Wales, Australia,"1589 Castlereagh Hwy Apple Tree Flat, New South Wales, 2850 Australia",149.722124,-32.704252,,,
Mulgoa Cemetery of Catholic Order Schoenstadt,Mulgoa, New South Wales, Australia,"2-8 Fairlight Rd Mulgoa, New South Wales, 2745 Australia",150.62403,-33.83979,,,
Mount Werong Cemetery,Mt Werong, New South Wales, Australia,"Mt Werong Track Mt Werong, New South Wales, 2580 Australia",149.90624,-34.0812,,,
Mudgee Lawn Cemetery,Buckaroo, New South Wales, Australia,"99 Mt Pleasant Ln Buckaroo, New South Wales, 2850 Australia",149.618399,-32.567495,,,
Mudgee - Blackman Memorial Park,Mudgee, New South Wales, Australia,"4-6 Park Ave Mudgee, New South Wales, 2850 Australia",149.576701,-32.592297,,,
Mount Vincent Cemetery,Mt Vincent, New South Wales, Australia,"36 Mt Vincent Rd Mt Vincent, New South Wales, 2323 Australia",151.481,-32.9151,,,
Mount Thorley Cemetery,Mt Thorley, New South Wales, Australia,"Jerrys Plains Rd Mt Thorley, New South Wales, 2330 Australia",151.10038,-32.61496,,,
"Mount Pleasat, Ontario, Canada",Wollongong, New South Wales, Australia,"Wollongong, New South Wales, 2500 Australia",151.01275495038,-34.435833533887,,,
Mount Wilson Anglican,Mount Wilson, New South Wales, Australia,"75 The Avenue Mount Wilson, Blue Mountains City Council, New South Wales, 2786 Australia",150.376768,-33.50322, Blue Mountains City Council,,
Mount McDonald Cemetery,Wyangala, New South Wales, Australia,"2656 Reg Hailstone Way Wyangala, New South Wales, 2808 Australia",148.95779,-33.91993,,,
"Mount Pleasant Cemetery (St Andrew's Anglican Cemetery, Bridgman)",Mt Olive, New South Wales, Australia,"1572 Bridgman Rd Mt Olive, New South Wales, 2330 Australia",151.18978,-32.4096,,,
Mudgee Cemetery,Eurunderee, New South Wales, Australia,"466 Ulan Rd Eurunderee, New South Wales, 2850 Australia",149.621744,-32.566085,,,
Mount Drysdale Cemetery,Tindarey, New South Wales, Australia,"LOT 8 McKell Street Tindarey, Cobar Shire Council, New South Wales, 2835 Australia",145.86192,-31.16137, Cobar Shire Council,,
Mount Hope Cemetery,Mt Hope, New South Wales, Australia,"Kidman Way Mt Hope, Carrathool Shire Council, New South Wales, 2675 Australia",145.87119,-32.8648, Carrathool Shire Council,,
Mount Dangar (Anglican) Church/Graveyard,Baerami, New South Wales, Australia,"197-389 Mt Dangar Rd Baerami, New South Wales, 2333 Australia",150.50001,-32.36992,,,
Mount Vincent Christ Church (Anglican) Churchyard,Mt Vincent, New South Wales, Australia,"16 Mt Vincent Rd Mt Vincent, New South Wales, 2323 Australia",151.4802,-32.91587,,,
Mount Victoria Cemetery,Mt Victoria, New South Wales, Australia,"5 Victoria Falls Rd Mt Victoria, New South Wales, 2786 Australia",150.26548,-33.59369,,,
Mount Allen Cemetery,Mt Hope, New South Wales, Australia,"LOT 703 Abbott St Mt Hope, Cobar Shire Council, New South Wales, 2877 Australia",145.85489,-32.68381, Cobar Shire Council,,
Mosman (Saint Clement) Anglican Churchyard,Sydney, New South Wales, Australia,"146 Raglan St Sydney, New South Wales, 2088 Australia",151.23985,-33.83339,,,
Mount Pleasant Cemetery,Blakney Creek, New South Wales, Australia,"LOT 46 Bevendale Rd Blakney Creek, New South Wales, 2581 Australia",149.1722,-34.67271,,,
Mount Irvine Cemetery,Mount Irvine, New South Wales, Australia,"Danes Way Mount Irvine, Blue Mountains City Council, New South Wales, 2786 Australia",150.44958049339,-33.486067811557, Blue Mountains City Council,,
Mosman  - Anderson Memorial,Sydney, New South Wales, Australia,"Alexander Ave Sydney, New South Wales, 2088 Australia",151.249961,-33.835074,,,
Mount Cooper Cemetery,Mt Cooper, New South Wales, Australia,"LOT 98 Mt Cooper Rd Mt Cooper, New South Wales, 2631 Australia",149.21768,-36.67071,,,
Mount Lambie (Presbyterian) Church/Graveyard,Mt Lambie, New South Wales, Australia,"LOT 2 Thorpes Pinch Rd Mt Lambie, New South Wales, 2790 Australia",149.96383,-33.4489,,,
Morundah Cemetery,Morundah, New South Wales, Australia,"LOT 7011 Morundah Coleambally Rd Morundah, New South Wales, 2700 Australia",146.286456,-34.942095,,,
Moruya - Coman Family graves,Moruya, New South Wales, Australia,"126 Wamban Rd Moruya, New South Wales, 2537 Australia",150.044118,-35.932094,,,
Moulamein Cemetery,Moulamein, New South Wales, Australia,"Wanganella Moulamein Rd Moulamein, New South Wales, 2733 Australia",144.054279,-35.082047,,,
Morongla Creek Cemetery,Cowra, New South Wales, Australia,"764 Morongla Rd Cowra, New South Wales, 2794 Australia",148.666692,-33.950337,,,
Mount Arthur (Holy Family Catholic) Cemetery,Mount Arthur, New South Wales, Australia,"Lot 158 Renshaw McGirr Way Mount Arthur, New South Wales, 2820 Australia",148.93376,-32.55899,,,
Mossgiel Cemetery ,Mossgiel, New South Wales, Australia,"Clare Mossgiel Road Mossgiel, Central Darling Shire Council, New South Wales Australia",144.55390814961,-33.26395865048, Central Darling Shire Council,,
Moruya Heads Cemetery,Moruya Heads, New South Wales, Australia,"LOT 300A Elizabeth St Moruya Heads, New South Wales, 2537 Australia",150.161216,-35.908727,,,
Moredun Cemetery,Ben Lomond, New South Wales, Australia,"Moredon Rd Ben Lomond, New South Wales, 2365 Australia",151.539401,-29.998712,,,
Moss Vale Cemetery,Moss Vale, New South Wales, Australia,"LOT 1 Berrima Rd Moss Vale, New South Wales, 2577 Australia",150.358929,-34.534967,,,
Morangarell Cemetery,Morangarell, New South Wales, Australia,"Barmedman-Grenfell Rd Morangarell, New South Wales, 2666 Australia",147.701247,-34.150791,,,
Moruya Cemetery,Moruya, New South Wales, Australia,"LOT 7 Rose St Moruya, Eurobodalla Shire Council, New South Wales, 2537 Australia",150.07542,-35.923324, Eurobodalla Shire Council,,
Morpeth Cemetery,Maitland, New South Wales, Australia,"43 Butchers Lane Maitland, Maitland City Council, New South Wales, 2321 Australia",151.62424,-32.734106, Maitland City Council,,
Mort Cemetery,Bodalla, New South Wales, Australia,"179 Eurobodalla Road Bodalla, Eurobodalla Shire Council, New South Wales, 2545 Australia",150.03473,-36.099152, Eurobodalla Shire Council,,
Moonan Brook Cemetery,Moonan Brook, New South Wales, Australia,"LOT 50 Hunter Rd Moonan Brook, New South Wales, 2337 Australia",151.283669,-31.940982,,,
Morpeth Catholic Church - Immaculate Conception,Maitland, New South Wales, Australia,"24 James Street Maitland, Maitland City Council, New South Wales, 2321 Australia",151.63382319607,-32.726833160199, Maitland City Council,,
Morpeth (Saint James) Anglican Churchyard,Maitland, New South Wales, Australia,"127 High Street Maitland, Maitland, New South Wales, 2321 Australia",151.624094576721,-32.7270414883632, Maitland,,
Morisset Cemetery,Cooranbong, New South Wales, Australia,"30 Ettalong Road Cooranbong, New South Wales, 2264 Australia",151.486285,-33.096185,,,
Mongarlowe Cemetery,Mongarlowe, New South Wales, Australia,"LOT 94 Budawang Rd Mongarlowe, New South Wales, 2622 Australia",149.941137,-35.424277,,,
Monkerai Cemetery,Monkerai, New South Wales, Australia,"Cherry Tree Rd Monkerai, New South Wales, 2415 Australia",151.852946,-32.248881,,,
Mooball Cemetery,Mooball, New South Wales, Australia,"LOT 216 Tweed Valley Way Mooball, New South Wales, 2483 Australia",153.499217,-28.445977,,,
Montague Island Cemetery,Montague Island, New South Wales, Australia,"Montague Island, New South Wales, 2546 Australia",150.226667,-36.253333,,,
Moree Cemetery,Moree, New South Wales, Australia,"LOT 6 Greenbah Rd Moree, New South Wales, 2400 Australia",149.824537,-29.464373,,,
Moorwatha Cemetery,Moorwatha, New South Wales, Australia,"LOT 1 Cemetery Ln Moorwatha, New South Wales, 2640 Australia",146.723826,-35.901786,,,
Moorefields/Kingsgrove Cemetery,Sydney, New South Wales, Australia,"96a Moorefields Road Sydney, New South Wales, 2208 Australia",151.09037687687,-33.934270262474,,,
Moonbah Anglican Cemetery,Moonbah, New South Wales, Australia,"1202 Barry Way Moonbah, New South Wales, 2627 Australia",148.5514311704,-36.492736574061,,,
Moonbah Catholic Cemetery,Moonbah, New South Wales, Australia,"Big Yard Rd Moonbah, New South Wales, 2627 Australia",148.55132412091,-36.492530928734,,,
Mooney Mooney - Grave of Frances Peat *,Mooney Mooney, New South Wales, Australia,"Peats Ferry Road Mooney Mooney, Gosford City Council, New South Wales, 2083 Australia",151.19890478654,-33.533283488683, Gosford City Council,,
Moonahcullah Cemetery,Calimo, New South Wales, Australia,"LOT 1 Old Morago Rd Calimo, New South Wales, 2710 Australia",144.64572,-35.383942,,,
"Moama Cemetery, NSW",Moama, New South Wales, Australia,"Boundary Road Moama, Murray River Council, New South Wales, 2731 Australia",144.74707769845,-36.106722998742, Murray River Council,,
Molong - Alexanders graves,Molong, New South Wales, Australia,"LOT 3 Mitchell Hwy Molong, New South Wales, 2866 Australia",148.863,-33.058,,,
Monteagle Cemetery,Monteagle, New South Wales, Australia,"LOT 161 Sads Ln Monteagle, New South Wales, 2594 Australia",148.342917,-34.202539,,,
Minoru grave,Caragabal, New South Wales, Australia,"LOT 8 Newell Hwy Caragabal, New South Wales, 2810 Australia",147.516393,-33.740107,,,
Mitchells Flat Cemetery,Dumaresq, New South Wales, Australia,"LOT 1 Warrane Rd Dumaresq, New South Wales, 2350 Australia",151.546354,-30.444937,,,
Minnie Vale - lone grave *,Wybong, New South Wales, Australia,"LOT 79 Wybong Rd Wybong, New South Wales, 2333 Australia",150.644344,-32.300002,,,
Mona Vale - Saint John Anglican Church Graveyard ,Sydney, New South Wales, Australia,"1624 Pittwater Road Sydney, New South Wales, 2103 Australia",151.303,-33.67436,,,
Mona Vale (Turimetta) Cemetery,Sydney, New South Wales, Australia,"107 Mona Vale Road Sydney, New South Wales, 2103 Australia",151.287915,-33.674876,,,
Mogo Cemetery,Jeremadra, New South Wales, Australia,"National Route 1 Jeremadra, New South Wales, 2536 Australia",150.137593,-35.790282,,,
Molong Cemetery,Molong, New South Wales, Australia,"LOT 1 Molong Cemetery Rd Molong, New South Wales, 2866 Australia",148.846367,-33.078345,,,
Mittagong - Diamond Fields Road Catholic Cemetery,Mittagong, New South Wales, Australia,"LOT 1 Diamond Fields Rd Mittagong, New South Wales, 2575 Australia",150.49108,-34.455473,,,
Milgara Cemetery,Bunnan, New South Wales, Australia,"LOT 4 Kars Springs Rd Bunnan, New South Wales, 2337 Australia",150.565278,-32.017778,,,
Mitta Mitta Churchyard,Eurongilly, New South Wales, Australia,"LOT 10 Mitta Church Ln Eurongilly, New South Wales, 2663 Australia",147.85311,-34.89167,,,
Mitchells Island Cemetery,Mitchells Island, New South Wales, Australia,"36 Leslies Ln Mitchells Island, New South Wales, 2430 Australia",152.603831,-31.881566,,,
Merton churchyard,,New South Wales, Australia,"New South Wales, 2328 Australia",150.7250234676,-32.37805655095,,,
Moama Cemetery,Moama, New South Wales, Australia,"LOT 4 Racecourse Ln Moama, New South Wales, 2731 Australia",144.747598,-36.106624,,,
Minmi Cemetery,Minmi, New South Wales, Australia,"LOT 4 Minmi Rd Minmi, New South Wales, 2287 Australia",151.62051,-32.88322,,,
Merriwa - Saint Michael's Anglican Church Graveyard,Merriwa, New South Wales, Australia,"LOT 145 Redwell Rd Merriwa, New South Wales, 2329 Australia",150.16239,-32.17528,,,
Mittagong/Welby Cemetery,Bowral, New South Wales, Australia,"Meranie Street Bowral, New South Wales, 2575 Australia 
                         
                    ",150.428946,-34.43631,,http://www.wsc.nsw.gov.au/council-cemeteries,
Milton Uniting Church,Milton, New South Wales, Australia,"40 Croobyar Rd Milton, New South Wales, 2538 Australia",150.438879,-35.320061,,,
Millthorpe Cemetery,Millthorpe, New South Wales, Australia,"54 Park St Millthorpe, New South Wales, 2798 Australia",149.185752,-33.441075,,,
Millfield Cemetery,Millfield, New South Wales, Australia,"64 Hayes Rd Millfield, New South Wales, 2325 Australia",151.243114,-32.892002,,,
Merriwa (Saint Anne) Catholic Churchyard,Merriwa, New South Wales, Australia,"17-19 Vennacher St Merriwa, New South Wales, 2329 Australia",150.35667,-32.13861,,,
Milparinka - Grave of Poole (Sturt Party 1845),Milparinka, New South Wales, Australia,"Poole's Grave Road Milparinka, Unincorporated Area, New South Wales, 2880 Australia",141.794745,-29.661589, Unincorporated Area,,
Milparinka Cemetery,Milparinka, New South Wales, Australia,"Mt Shannon Rd Milparinka, Unincorporated Area, New South Wales, 2880 Australia",141.874244,-29.749232, Unincorporated Area,,
Merinda Cemetery,Yarrabin, New South Wales, Australia,"2396 Yarrabin Rd Yarrabin, New South Wales, 2850 Australia",149.291239,-32.588785,,,
Merricumbene Cemetery,Merricumbene, New South Wales, Australia,"4056 Araluen Rd Merricumbene, New South Wales, 2622 Australia",149.894858,-35.729048,,,
Milbrulong Bethlehem Lutheran Cemetery,Milbrulong, New South Wales, Australia,"961 Lockhart The Rock Rd Milbrulong, New South Wales, 2656 Australia",146.830932,-35.247631,,,
Merriwagga (Black Stump) Cemetery,Merriwagga, New South Wales, Australia,"Black Stump Road Merriwagga, Carrathool Shire Council, New South Wales, 2652 Australia",145.607836,-33.821085, Carrathool Shire Council,,
Michelago Cemetery,Michelago, New South Wales, Australia,"LOT 229 Monaro Hwy Michelago, New South Wales, 2620 Australia",149.156639,-35.712801,,,
Menindee - Black Gate grave,Menindee, New South Wales, Australia,"Menindee-Wilcannia Rd Menindee, Central Darling Shire Council, New South Wales, 2879 Australia",142.718684,-32.152461, Central Darling Shire Council,,
Memagong - lone grave *,Memagong, New South Wales, Australia,"Tubbul-Morangarell Rd Memagong, New South Wales, 2594 Australia",148.162204,-34.318996,,,
Merriwa Cemetery,Merriwa, New South Wales, Australia,"55 Flaggs Rd Merriwa, New South Wales, 2329 Australia",150.357575,-32.15154,,,
Merriwa (Holy Trinity) Anglican Churchyard,Merriwa, New South Wales, Australia,"40 Bow Street Merriwa, New South Wales, 2329 Australia",150.35276,-32.14047,,,
McGraths Hill Cemetery,Sydney, New South Wales, Australia,"2 Charles Street Sydney, New South Wales, 2756 Australia",150.835907,-33.614161,,,
McCarthy's Cemetery,Sydney, New South Wales, Australia,"82 Mccarthys Lane Sydney, Penrith Lakes Development Corporation, New South Wales, 2749 Australia",150.683121,-33.718676, Penrith Lakes Development Corporation,,
Menindee Cemetery,Menindee, New South Wales, Australia,"Little Menindee Creek Road Menindee, Central Darling Shire Council, New South Wales, 2879 Australia",142.401623,-32.395322, Central Darling Shire Council,,
Mayfield - Saint Andrew's Anglican Churchyard *,Newcastle, New South Wales, Australia,"5 Durham Street Newcastle, Newcastle City Council, New South Wales, 2304 Australia",151.74239,-32.89774, Newcastle City Council,,
Maybole Cemetery,Maybole, New South Wales, Australia,"LOT 37 Whites Rd Maybole, New South Wales, 2365 Australia",151.577601,-29.941306,,,
Menindee - Burke and Wills Camel Drivers grave,Menindee, New South Wales, Australia,"Menindee Road Menindee, Central Darling Shire Council, New South Wales, 2879 Australia",142.410805,-32.384457, Central Darling Shire Council,,
Maude Cemetery,Maude, New South Wales, Australia,"LOT 81 Yaraman St Maude, Hay Shire Council, New South Wales, 2711 Australia",144.289155,-34.460729, Hay Shire Council,,
Maules Creek Cemetery,Tarriaro, New South Wales, Australia,"2441 Maules Creek Rd Tarriaro, New South Wales, 2390 Australia",150.085022,-30.484591,,,
Menangle - Saint James Anglican Church Columbarium,Menangle, New South Wales, Australia,"17 Riversford Close Menangle, New South Wales, 2568 Australia",150.74007,-34.12917,,,
Mendooran Cemetery,Mendooran, New South Wales, Australia,"Mendooran Rd Mendooran, New South Wales, 2842 Australia",149.116597,-31.830195,,,
Maryland Station Cemetery,Maryland, New South Wales, Australia,"LOT 701 Queen St Maryland, New South Wales, 2372 Australia",151.991611,-28.543817,,,
Megalong Cemetery,Megalong, New South Wales, Australia,"LOT 1 Five Mile Creek Rd Megalong, New South Wales, 2785 Australia",150.233359,-33.736224,,,
McLaurin Cemetery,Bullatale, New South Wales, Australia,"Tocumwal Rd Bullatale, New South Wales, 2710 Australia",145.071267,-35.793797,,,
Meadow Flat Cemetery,Meadow Flat, New South Wales, Australia,"LOT 101 Short St Meadow Flat, New South Wales, 2795 Australia",149.916794,-33.4282,,,
Maryland Cemetery,Maryland, New South Wales, Australia,"LOT 1 Ridge Rd Maryland, New South Wales, 2372 Australia",151.983425,-28.555463,,,
"Memorial Park Cemetery, Gunnedah",Gunnedah, New South Wales, Australia,"114 Wandobah Road Gunnedah, New South Wales, 2380 Australia",150.23242,-30.99339,,,
Marsden Cemetery,Caragabal, New South Wales, Australia,"LOT 82 Bland St Caragabal, New South Wales, 2810 Australia",147.532267,-33.772637,,,
Marsh Family Graves,Gilgai, New South Wales, Australia,"Bundarra Road Gilgai, Inverell Shire Council, New South Wales, 2360 Australia",151.11469604889,-29.857051134545, Inverell Shire Council,,
Maryland - lone grave *,Maryland, New South Wales, Australia,"Maryland-Cullendore Rd Maryland, New South Wales, 2372 Australia",151.99043,-28.542577,,,
Mays Hill (Pioneer) Cemetery,Sydney, New South Wales, Australia,"20 Steele Street Sydney, New South Wales, 2145 Australia",150.993507,-33.819367,,,
Mathoura Cemetery,Mathoura, New South Wales, Australia,"LOT 2 Bunnaloo Rd Mathoura, New South Wales, 2710 Australia",144.875451,-35.811633,,,
Markdale Cemetery,Crooked Corner, New South Wales, Australia,"Markdale Rd Crooked Corner, New South Wales, 2583 Australia",149.242229,-34.240969,,,
Manilla General Cemetery,Tamworth, New South Wales, Australia,"181 Namoi River Road, Manilla, NSW, Australia Tamworth, Tamworth Regional Council, New South Wales, 2340 Australia 
                         
                    ",150.91901399,-31.09679352, Tamworth Regional Council,www.tamworth.nsw.gov.au,
Manilla Chinese Pioneers Memorial Garden,Manilla, New South Wales, Australia,"197-209 Manilla St Manilla, New South Wales, 2346 Australia",150.71977,-30.74629,,,
Manilla - Lone graves,Manilla, New South Wales, Australia,"McDonald St Manilla, New South Wales, 2346 Australia",150.710634,-30.760688,,,
Maryland grave,Newcastle, New South Wales, Australia,"84 Callan Avenue Newcastle, New South Wales, 2287 Australia",151.65740371559,-32.867608951668,,,
Mangrove Mountain - Grave of John Donovan *,Mangrove Mountain, New South Wales, Australia,"Wisemans Ferry Road Mangrove Mountain, New South Wales, 2250 Australia",151.198654,-33.381823,,,
Mangrove Mountain Cemetery,Central Mangrove, New South Wales, Australia,"55-135 George Downes Dr Central Mangrove, New South Wales, 2250 Australia",151.234469,-33.302488,,,
Martinsville Pioneer Cemetery,Martinsville, New South Wales, Australia,"189 Martinsville Rd Martinsville, New South Wales, 2265 Australia",151.42965,-33.07451,,,
Marrar Cemetery,Marrar, New South Wales, Australia,"LOT 7004 Junee Coolamon Rd Marrar, New South Wales, 2652 Australia",147.380304,-34.832651,,,
Maroota - Lone Grave,Maroota, New South Wales, Australia,"4509-4535 Old Northern Rd Maroota, New South Wales, 2756 Australia 
                         
                    ",150.99445,-33.45727,,http://historyandheritageblog.wordpress.com/2014/01/24/mcfarlands-grave-a-maroota-mystery-solved/,
March Uniting Church Cemetery,March, New South Wales, Australia,"893 Burrendong Way March, New South Wales, 2800 Australia",149.09269,-33.21369,,,
Marlee Cemetery,Marlee, New South Wales, Australia,"6 Marlee Cemetery Rd Marlee, New South Wales, 2429 Australia",152.3134845664,-31.804691456982,,,
Mallanganee Cemetery,Mallanganee, New South Wales, Australia,"55 Deep Creek Rd Mallanganee, New South Wales, 2469 Australia",152.715763,-28.912606,,,
Mandagery  - Archer-Maher Cemetery,Mandagery, New South Wales, Australia,"1442 Reedy Creek Rd Mandagery, New South Wales, 2870 Australia",148.518979,-33.253351,,,
Majors Creek Cemetery,Majors Creek, New South Wales, Australia,"LOT 75 Berlang Forest Rd Majors Creek, New South Wales, 2622 Australia",149.728197,-35.580477,,,
Mannus - McMicking graves,Mannus, New South Wales, Australia,"Glenroy Mannus Rd Mannus, New South Wales, 2653 Australia",147.94899945228,-35.799208234477,,,
Manilla Cemetery,Manilla, New South Wales, Australia,"181 Namoi River Road Manilla, New South Wales, 2346 Australia",150.733795,-30.724148,,,
Maitland Jewish Cemetery,Maitland, New South Wales, Australia,"Ross Lane  Maitland, New South Wales Australia",151.552108,-32.749298,,,
Manly Cemetery,Sydney, New South Wales, Australia,"17 Harland Road Sydney, New South Wales, 2094 Australia",151.2715,-33.79227,,,
Manildra Cemetery,Manildra, New South Wales, Australia,"LOT 142 Manildra Cemetery Rd Manildra, New South Wales, 2865 Australia",148.657251,-33.193881,,,
Mangoplah Lutheran Cemetery,Mangoplah, New South Wales, Australia,"89 Church Road Mangoplah, Wagga Wagga City Council, New South Wales, 2652 Australia",147.187204236172,-35.4102174067619, Wagga Wagga City Council,,
Lynhurst NSW,Sydney, New South Wales, Australia,"Scheyville Road Sydney, Hawkesbury City Council, New South Wales, 2756 Australia",150.90088899535,-33.60237743192, Hawkesbury City Council,,
Macksville - Blackbutt Cemetery,Congarinni North, New South Wales, Australia,"17 Spaldings Rd Congarinni North, New South Wales, 2447 Australia",152.904481,-30.691291,,,
Maitland Uniting Church,Maitland, New South Wales, Australia,"Maitland, Maitland City Council, New South Wales, 2320 Australia",151.55815065456,-32.734870193202, Maitland City Council,,
Lunts Vale Cemetery,Little Billabong, New South Wales, Australia,"National Highway 31 Little Billabong, New South Wales, 2644 Australia",147.53481,-35.548912,,,
Lue Cemetery,Lue, New South Wales, Australia,"LOT 7301 Baralue Rd Lue, New South Wales, 2850 Australia",149.833796,-32.643711,,,
Maclean Cemetery,Maclean, New South Wales, Australia," Woombah St Maclean, New South Wales, 2463 Australia 
                         
                    ",153.202728,-29.465388,,http://www.clarence.nsw.gov.au/cp_themes/metro/csearch.asp,
Maitland East - Hiland Crescent Cemetery,Maitland, New South Wales, Australia,"31 Hiland Crescent Maitland, New South Wales, 2323 Australia",151.5962,-32.7422,,,
Lowther Park Cemetery,Lowther, New South Wales, Australia,"via Jenolan Caves Rd Lowther, New South Wales, 2790 Australia 
                         
                    ",150.08577,-33.60688,,http://www.australiancemeteries.com/nsw/lithgow/lowtherpk.htm,
Macksville Presbyterian Church,Macksville, New South Wales, Australia,"51 Wallace Street Macksville, New South Wales Australia",152.916012,-30.710098,,,
Maitland - Campbells Hill Cemetery,Maitland, New South Wales, Australia,"97 South Street Maitland, New South Wales, 2320 Australia",151.537231,-32.724832,,,
Macquarie Park Cemetery and Crematorium,Sydney, New South Wales, Australia,"Muldoon Circuit Sydney, Ryde City Council, New South Wales, 2113 Australia",151.14210010849,-33.790838081011, Ryde City Council,,
Maclean Lawn Cemetery,Mount Townsend, New South Wales, Australia,"1 Pine Avenue Mount Townsend, New South Wales, 2463 Australia 
                         
                    ",153.224867,-29.470344,,http://www.clarence.nsw.gov.au/cp_themes/metro/csearch.asp,
Lower Weston (St Michael's) Bath,Lower Weston, New South Wales, Australia,"St Michael's Rd,  Lower Weston, Balranald Shire Council, New South Wales, 2715 Australia",143.21871289962,-33.518725671541, Balranald Shire Council,,
Lower Portland Cemetery,Lower Portland, New South Wales, Australia,"807A W Portland Rd Lower Portland, New South Wales, 2756 Australia",150.858899,-33.458457,,,
Lower Macdonald - unknown lone grave,Lower Macdonald, New South Wales, Australia,"133 Settlers Rd Lower Macdonald, New South Wales, 2775 Australia",150.98131,-33.36998,,,
Macksville Cemetery,Macksville, New South Wales, Australia,"LOT 7023 Hodge St Macksville, New South Wales, 2447 Australia",152.915697,-30.717664,,,
Lostock Cemetery,Lostock, New South Wales, Australia,"34 Lostock School Road Lostock, New South Wales, 2311 Australia",151.448471,-32.316501,,,
Lord Howe Island #2 Old Cemetery,Lord Howe Island, New South Wales, Australia,"LOT 157 Lagoon Rd Lord Howe Island, New South Wales, 2898 Australia",159.059555,-31.522545,,,
Lyndhurst Cemetery,Lyndhurst, New South Wales, Australia,"Cemetery Ln Lyndhurst, New South Wales, 2797 Australia",149.029839,-33.669431,,,
Lord Howe Island Cemetery,Lord Howe Island, New South Wales, Australia,"LOT 76 Neds Beach Rd Lord Howe Island, New South Wales, 2898 Australia",159.065029,-31.519611,,,
Luddenham - Saint James Anglican Churchyard,Luddenham, New South Wales, Australia,"3101 The Northern Rd Luddenham, New South Wales, 2745 Australia",150.691906093254,-33.883066882073,,,
Luddenham Uniting Churchyard,Luddenham, New South Wales, Australia,"3097 The Northern Rd Luddenham, New South Wales, 2745 Australia",150.68977,-33.88104,,,
Lord Howe Island #1 Old Cemetery,Lord Howe Island, New South Wales, Australia,"LOT 36 Lagoon Rd Lord Howe Island, New South Wales, 2898 Australia",159.069437,-31.532681,,,
Lone Grave-George Maddis,Narrabri, New South Wales, Australia,"Kamilaroi Highway Narrabri, Narrabri Shire Council, New South Wales, 2390 Australia",149.545553634254,-30.1948001073847, Narrabri Shire Council,,
Lowther General Cemetery,Lowther, New South Wales, Australia,"1470 Jenolan Caves Rd Lowther, New South Wales, 2790 Australia 
                         
                    ",150.103241,-33.618979,,http://www.australiancemeteries.com/nsw/lithgow/lowtherrc.htm,
Macquarie Park Cemetery,Sydney, New South Wales, Australia,"Main Avenue Sydney, New South Wales, 2113 Australia",151.13886,-33.79074,,,
Lone grave of James Sherwood,Kurrajong Heights, New South Wales, Australia,"1201 Bells Line of Road Kurrajong Heights, Hawkesbury City Council, New South Wales, 2758 Australia",150.632262,-33.534996, Hawkesbury City Council,,
Lone grave of Frederick Ashwell,Bilpin, New South Wales, Australia,"388D Mount Tootie Road Bilpin, Hawkesbury City Council, New South Wales, 2758 Australia",150.502244,-33.462822, Hawkesbury City Council,,
Llangothlin Cemetery,Guyra, New South Wales, Australia,"5016-5084 New England Hwy Guyra, New South Wales, 2365 Australia",151.685221,-30.145941,,,
Londonderry Cemetery,Londonderry, New South Wales, Australia,"325 Londonderry Rd Londonderry, New South Wales, 2753 Australia",150.739821,-33.627568,,,
Louth General Cemetery,Louth, New South Wales, Australia,"Peter Street Louth, Bourke Shire Council, New South Wales, 2840 Australia",145.122963,-30.534142, Bourke Shire Council,,
Llangothlin - Lone graves Springfield,Llangothlin, New South Wales, Australia,"Simpsons Rd Llangothlin, New South Wales, 2365 Australia",151.649518,-30.104553,,,
Liverpool Apex Park,Sydney, New South Wales, Australia,"35 Castlereagh Street Sydney, Liverpool City Council, New South Wales, 2170 Australia",150.920173,-33.919042, Liverpool City Council,,
Lochinvar Anglican Cemetery & Columbarium,Lochinvar, New South Wales, Australia,"Cantwell Road Lochinvar, Maitland City Council, New South Wales, 2321 Australia",151.45524230054,-32.698524214345, Maitland City Council,,
Lithgow,Portland, New South Wales, Australia,"265 Sunny Corner Rd Portland, New South Wales, 2847 Australia",149.9716,-33.3728,,,
Lockhart Cemetery,Lockhart, New South Wales, Australia,"84 Cemetery Road Lockhart, New South Wales, 2656 Australia",146.74602,-35.21957,,,
Lionsville Cemetery,Lionsville, New South Wales, Australia,"1152 Lionsville Rd Lionsville, New South Wales, 2460 Australia",152.490614,-29.202125,,,
Lone Grave Hospital Gully,Glenworth Valley, New South Wales, Australia,"Glenworth Valley, New South Wales, 2250 Australia",151.19581244535,-33.405335767397,,,
Liverpool Pioneers Memorial Park,Sydney, New South Wales, Australia,"1-51 Macquarie Street North Sydney, New South Wales, 2170 Australia",150.92433,-33.91641,,,
Little Plain Churchyard,Little Plain, New South Wales, Australia,"8627 Gwydir Hwy Little Plain, New South Wales, 2360 Australia",150.93822,-29.72719,,,
Lochinvar Catholic Cemetery,Lochinvar, New South Wales, Australia,"45-67 New England Hwy Lochinvar, New South Wales, 2321 Australia",151.45541932629,-32.700239628156,,,
Lithgow - Dark Corner Cemetery ,Dark Corner, New South Wales, Australia,"LOT 6 Dark Corner Rd Dark Corner, New South Wales, 2795 Australia",149.874179,-33.313046,,,
Little Plain Cemetery,Little Plain, New South Wales, Australia,"LOT 7009 Gwydir Hwy Little Plain, New South Wales, 2360 Australia",150.957251,-29.734051,,,
Liverpool Catholic Cemetery,Sydney, New South Wales, Australia,"9 Mclean Street Sydney, New South Wales, 2170 Australia",150.911639,-33.918512,,,
Lightning Ridge - lone grave,Lightning Ridge, New South Wales, Australia,"Castlereagh Highway Lightning Ridge, New South Wales, 2400 Australia 
                         
                    ",149.913894,-29.442706,,http://austcemindex.com/inscription?id=10260535,
Liverpool Community Cemetery,Sydney, New South Wales, Australia,"McLean Street Sydney,  , New South Wales, 2170 Australia",150.910949,-33.91954,,,
Lewisham - Saint Thomas a Becket Catholic Churchyard,Sydney, New South Wales, Australia,"3 Thomas Street Sydney, New South Wales, 2049 Australia",151.14817,-33.893,,,
Lismore Memorial Gardens,Lismore City Council, New South Wales, Australia,"Skyline Road Lismore City Council, Lismore City Council, New South Wales, 2480 Australia",153.32342,-28.830845, Lismore City Council,,
Lewis Ponds Cemetery,Lewis Ponds, New South Wales, Australia,"Dry Creek Rd Lewis Ponds, New South Wales, 2800 Australia",149.253173,-33.249186,,,
Lismore Cemetery,Lismore, New South Wales, Australia,"15 Airforce Road Lismore, Lismore City Council, New South Wales, 2480 Australia",153.300056,-28.825318, Lismore City Council,,
Lindendale  - Alphadale Cemetery,Lindendale, New South Wales, Australia,"2 Alphadale Rd Lindendale, New South Wales, 2480 Australia",153.36731,-28.81176,,,
Lisarow Cemetery,Central Coast, New South Wales, Australia,"962 Pacific Highway Central Coast, New South Wales, 2250 Australia",151.37446220374,-33.376527077301,,,
Lismore Memorial Gardens,Goonellabah, New South Wales, Australia,"663-671 Skyline Rd Goonellabah, New South Wales, 2480 Australia",153.323411525131,-28.8310859151497,,,
Lithgow Cemetery,Lithgow, New South Wales, Australia,"12 Birubi Crescent Lithgow, New South Wales, 2790 Australia 
                         
                    ",150.131767,-33.492716,,http://austcemindex.com/cemetery?cemid=211,
Legume Cemetery,Legume, New South Wales, Australia,"9332 Mt Lindesay Rd Legume, New South Wales, 2476 Australia",152.310676,-28.408029,,,
Ledgerton (Mullion) Cemetery,Uriarra, New South Wales, Australia,"LOT 7001 Mountain Creek Rd Uriarra, New South Wales, 2611 Australia",148.893606,-35.201902,,,
Leadville Cemetery,Leadville, New South Wales, Australia,"LOT 2 Leadville Rd Leadville, New South Wales, 2844 Australia",149.536843,-32.031654,,,
Lightning Ridge Cemetery,Lightning Ridge, New South Wales, Australia,"Lighting Ridge Cemetery Road Lightning Ridge, Walgett Shire Council, New South Wales, 2834 Australia",147.975770601189,-29.4151102867102, Walgett Shire Council,,
Larbert Cemetery,Larbert, New South Wales, Australia,"LOT 114 Mayfield Rd Larbert, New South Wales, 2622 Australia",149.760818,-35.296195,,,
Langtree Cemetery,Hillston, New South Wales, Australia,"Langtree Road Hillston, Carrathool Shire Council, New South Wales, 2675 Australia",145.559021,-33.673068, Carrathool Shire Council,,
Langs Creek Cemetery,Boorowa, New South Wales, Australia,"LOT 272 Forbes Rd Boorowa, New South Wales, 2586 Australia",148.716343,-34.503435,,,
Lake Cowal Cemetery,Lake Cowal, New South Wales, Australia,"LOT 32 Burcher Marsden Rd Lake Cowal, New South Wales, 2671 Australia",147.451686,-33.684305,,,
Laggan Cemetery,Binda, New South Wales, Australia,"LOT 100 Bridge Creek Rd Binda, New South Wales, 2583 Australia",149.437181,-34.222485,,,
Laheys Creek Cemetery,Dunedoo, New South Wales, Australia,"LOT 98 Dapper Rd Dunedoo, New South Wales, 2844 Australia",149.272012,-32.191001,,,
Lawrence Cemetery,Lawrence, New South Wales, Australia,"LOT 7 Pringles Way Lawrence, New South Wales, 2460 Australia 
                         
                    ",153.093795,-29.482577,,http://www.clarence.nsw.gov.au/cp_themes/metro/csearch.asp,
Leeton Cemetery,Leeton, New South Wales, Australia,"Boronia Road Leeton, New South Wales, 2705 Australia",146.398015,-34.532015,,,
Lawson Cemetery,Blue Mountains, New South Wales, Australia,"87 Wilson Street Blue Mountains, New South Wales, 2783 Australia",150.432422,-33.727712,,,
Laggan (All Saints) Anglican Churchyard,Laggan, New South Wales, Australia,"Lot 3 Woodhouselee Rd Laggan, New South Wales, 2583 Australia",149.52797,-34.40714,,,
Laggan - Saint Andrew's Catholic Churchyard *,Laggan, New South Wales, Australia,"LOT 18 Binda Laggan Rd Laggan, New South Wales, 2583 Australia",149.53014,-34.40276,,,
Lansdowne Cemetery,Lansdowne, New South Wales, Australia,"23 Newbys Ln Lansdowne, New South Wales, 2430 Australia",152.52043869695,-31.771239822336,,,
Laurieton Cemetery,Camden Haven, New South Wales, Australia,"39 Flinders Drive Camden Haven, New South Wales, 2443 Australia",152.788388,-31.639662,,,
Leppington - Forest Lawn Memorial Park,Leppington, New South Wales, Australia,"1640 Camden Valley Way Leppington, Camden, New South Wales, 2179 Australia 
                         
                    ",150.83418,-33.95519, Camden,https://www.forestlawn.com.au,
Lakeside Memorial Park,Wollongong, New South Wales, Australia,"230 Kanahooka Road Wollongong, New South Wales, 2530 Australia",150.81809,-34.4889,,,
Leura Memorial Gardens/Crematorium,Blue Mountains, New South Wales, Australia,"1-17 Kitchener Road Blue Mountains, New South Wales, 2780 Australia",150.345926,-33.706741,,,
LAMBTON ANGLICAN CHURCH,Newcastle, New South Wales, Australia,"24 Church Street Newcastle, New South Wales, 2299 Australia",151.70967114525,-32.914547122699,,,
Kyeamba Station graves,Kyeamba, New South Wales, Australia,"7154 Hume Hwy Kyeamba, New South Wales, 2650 Australia",147.595387,-35.450132,,,
Lake Cargelligo Cemetery,Lake Cargelligo, New South Wales, Australia,"Pillinger Drive Lake Cargelligo, Lachlan Shire Council, New South Wales, 2672 Australia",146.357481,-33.291956, Lachlan Shire Council,,
Kurrajong Park Cemetery,Cassilis, New South Wales, Australia,"10413 Golden Hwy Cassilis, New South Wales, 2329 Australia",149.876975,-32.048089,,,
Kurrajong Heights - Saint James Church of England Church Graveyard ,Kurrajong Heights, New South Wales, Australia,"1235 Bells Line of Road Kurrajong Heights, Hawkesbury City Council, New South Wales, 2758 Australia",150.63198067459,-33.532794323567, Hawkesbury City Council,,
Laggan Cemetery,Laggan, New South Wales, Australia,"Peelwood Road Laggan, Upper Lachlan Shire Council, New South Wales, 2583 Australia",149.539184,-34.388383, Upper Lachlan Shire Council,,
Kurrajong Heights (Saint David) Uniting Churchyard,Kurrajong Heights, New South Wales, Australia,"1249 Bells Line Of Rd Kurrajong Heights, New South Wales, 2758 Australia",150.63135,-33.53179,,,
Kurnell - lone grave,Sydney, New South Wales, Australia,"Monument Track Sydney, Sutherland Shire Council, New South Wales, 2231 Australia",151.22060940053,-34.002602507536, Sutherland Shire Council,,
Krawarree Cemetery,Krawarree, New South Wales, Australia,"Snowball Rd Krawarree, New South Wales, 2622 Australia",149.632908,-35.827352,,,
Lake Macquarie Memorial Park,Ryhope, New South Wales, Australia,"405 Cessnock Road Ryhope, New South Wales, 2283 Australia",151.52263,-32.99294,,,
Kyogle Cemetery,Kyogle, New South Wales, Australia,"LOT 7001 Summerland Way Kyogle, New South Wales, 2474 Australia",152.997711,-28.6504,,,
Kookabookra Cemetery,Kookabookra, New South Wales, Australia,"LOT 43 Kookabookra Rd Kookabookra, New South Wales, 2370 Australia",152.061939,-30.022881,,,
Kogarah - Saint Paul's Anglican Church Graveyard ,Sydney, New South Wales, Australia,"53 Princes Hwy Sydney, New South Wales, 2217 Australia",151.13713,-33.96236,,,
La Perouse - Lone Grave,Sydney, New South Wales, Australia,"1603 Anzac Parade Sydney, Randwick City Council, New South Wales, 2036 Australia",151.23210420981,-33.98816668268, Randwick City Council,,
Kurri Kurri / Weston Cemetery,Kurri Kurri, New South Wales, Australia,"31 Hospital Road Kurri Kurri, New South Wales, 2326 Australia",151.46491,-32.81855,,,
Komungla Cemetery,Tirrannaville, New South Wales, Australia,"645 Currawang Rd Tirrannaville, New South Wales, 2580 Australia",149.642157,-34.878801,,,
Kinki Cemetery,Stuarts Point, New South Wales, Australia,"838 Stuarts Point Rd Stuarts Point, New South Wales, 2441 Australia",152.975564,-30.822874,,,
Kurrajong - Saint Gregorys Catholic Church graveyard,Kurrajong, New South Wales, Australia,"5-11 Old Bells Line Of Rd Kurrajong, New South Wales, 2758 Australia",150.67313,-33.55037,,,
Kingscliff Cemetery,Kingscliff, New South Wales, Australia,"61 Marine Parade Kingscliff, Tweed Shire Council, New South Wales, 2487 Australia",153.64594459534,-28.232046164551, Tweed Shire Council,,
Kincumber South Cemetery,Central Coast, New South Wales, Australia,"23 Humphreys Road Central Coast, Gosford City Council, New South Wales, 2251 Australia",151.380213,-33.487506, Gosford City Council,,
Kiora Cemetery,Kiora, New South Wales, Australia,"478 Araluen Rd Kiora, New South Wales, 2537 Australia",150.041177,-35.916705,,,
Krambach (Saint Bernadette) Catholic Churchyard,Krambach, New South Wales, Australia,"3784 Bucketts Way Krambach, New South Wales, 2429 Australia",152.26515820331,-32.049948972191,,,
Kootingal-Moonbi Cemetery,Moonbi, New South Wales, Australia,"Moonbi-Limbri Rd Moonbi, New South Wales, 2353 Australia",151.077632,-31.02234,,,
Krambach Cemetery,Krambach, New South Wales, Australia,"Coccumbark Ln Krambach, New South Wales, 2429 Australia",152.27124473916,-32.072010529475,,,
Kingstown Cemetery,Kingstown, New South Wales, Australia,"55 Bendemeer Rd Kingstown, New South Wales, 2358 Australia",151.11675,-30.512435,,,
Koorawatha Cemetery,Koorawatha, New South Wales, Australia,"LOT 251 Olympic Hwy Koorawatha, New South Wales, 2807 Australia",148.555077,-34.051676,,,
Kurrajong - Saint Stephen Anglican Church Graveyard,Kurrajong, New South Wales, Australia,"1005 Grose Vale Rd Kurrajong, New South Wales, 2758 Australia",150.6542,-33.5593,,,
Kookabookra  - Bear Hill Cemetery,Kookabookra, New South Wales, Australia,"416 Oakvale Rd Kookabookra, New South Wales, 2370 Australia",152.100177,-30.036219,,,
Killoe Cemetery,Merriwa, New South Wales, Australia,"LOT 112 Ringwood Rd Merriwa, New South Wales, 2329 Australia",150.182547,-32.181387,,,
KIllongbutta Cemetery,Killongbutta, New South Wales, Australia,"762 Killongbutta Rd Killongbutta, New South Wales, 2795 Australia",149.433208,-33.197958,,,
Kirkconnell Cemetery,Kirkconnell, New South Wales, Australia,"Ridge Rd Kirkconnell, New South Wales, 2795 Australia",149.852032,-33.429461,,,
"Kilmadock Parish Cemetery, Scotland",Arumpo, New South Wales, Australia,"Arumpo, Balranald Shire Council, New South Wales, 2715 Australia",143.17056655881,-33.486836324259, Balranald Shire Council,,
Kiandra Cemetery,Kosciuszko National Park, New South Wales, Australia,"Snowy Mountains Hwy Kosciuszko National Park, New South Wales, 2642 Australia",148.501248,-35.884754,,,
Gisborne Cemetery,Gisborne, Victoria, Australia,"80 Gisborne Melton Rd Gisborne, Victoria, 3437 Australia",144.588253,-37.49512,,,
Kincumber South Cemetery,Central Coast, New South Wales, Australia,"70 Humphreys Road Central Coast, New South Wales, 2251 Australia",151.375943,-33.488061,,,
Kenebri Cemetery,Kenebri, New South Wales, Australia,"LOT 2 Hunts Rd Kenebri, New South Wales, 2396 Australia",149.030249,-30.749065,,,
Kincumber - Saint Paul's Anglican Cemetery,Central Coast, New South Wales, Australia,"170 Avoca Drive Central Coast, New South Wales, 2251 Australia 
                         
                    ",151.39502,-33.46961,,http://austcemindex.com/cemetery?cemid=1659,
Kialla Cemetery,Pejar, New South Wales, Australia,"148 Church Ln Pejar, New South Wales, 2583 Australia",149.483607,-34.558368,,,
Killawarra Cemetery,Burrell Creek, New South Wales, Australia,"889 Bootawa Rd Burrell Creek, New South Wales, 2429 Australia",152.31577570364,-31.924729910958,,,
Killlcoy/Chandler Cemetery,Lyndhurst, New South Wales, Australia,"1443 Chandler Rd Lyndhurst, New South Wales, 2350 Australia",152.007179,-30.436445,,,
Kenmore (Saint Patrick) Cemetery,Goulburn, New South Wales, Australia,"LOT 2 Middle Arm Rd Goulburn, New South Wales, 2580 Australia",149.73229550462,-34.723160638209,,,
Killabakh Cemetery,Killabakh, New South Wales, Australia,"1215 Comboyne Rd Killabakh, New South Wales, 2429 Australia",152.397903,-31.777111,,,
Kembla Grange War Cemetery,Wollongong, New South Wales, Australia,"47 Reddalls Road Wollongong, New South Wales, 2526 Australia",150.80609,-34.467,,,
Kiama Christ Church (Anglican) Churchyard,Kiama, New South Wales, Australia,"1 Terralong Street Kiama, New South Wales, 2533 Australia",150.85784266497,-34.673206480367,,,
Khancoban Cemetery,Khancoban, New South Wales, Australia,"LOT 12 Nankervis Street Khancoban, New South Wales Australia",148.12452,-36.21458,,,
Kayuga Cemetery,Kayuga, New South Wales, Australia,"LOT 832 Invermein St Kayuga, New South Wales, 2333 Australia",150.86833,-32.19833,,,
Kendall Cemetery,Kendall, New South Wales, Australia,"61 Albert St Kendall, New South Wales, 2439 Australia",152.695734,-31.637598,,,
Kiama Cemetery,Kiama, New South Wales, Australia,"11 Riddell Street Kiama, New South Wales, 2533 Australia",150.851705,-34.659333,,,
Kemps Creek Lawn Cemetery,Kemps Creek, New South Wales, Australia,"230 Western Rd Kemps Creek, New South Wales, 2178 Australia",150.77977959259,-33.8954357295215,,,
Kendells Cemetery,Kiama, New South Wales, Australia,"LOT 3 S Kiama Dr Kiama, New South Wales, 2533 Australia",150.842479,-34.688066,,,
Kangiara Cemetery,Kangiara, New South Wales, Australia,"LOT 7012 Forbes Rd Kangiara, New South Wales, 2582 Australia",148.749003,-34.597961,,,
Kempsey West Cemetery,Kempsey, New South Wales, Australia,"7 Broughton Street Kempsey, New South Wales, 2440 Australia",152.821562,-31.069348,,,
Kempsey East Cemetery *,Kempsey, New South Wales, Australia,"18 Naiooka Street Kempsey, New South Wales, 2440 Australia",152.840123,-31.088792,,,
Kangaroo Valley - Saint Joseph Catholic Church/Graveyard ,Kangaroo Valley, New South Wales, Australia,"130 Moss Vale Rd Kangaroo Valley, New South Wales Australia",150.53044,-34.73584,,,
Kedumba Valley Homestead,Kedumba, New South Wales, Australia,"Kedumba Valley Rd Kedumba, New South Wales Australia",150.36804,-33.80267,,,
Kellys Plains Anglican Churchyard,Armidale Region, New South Wales, Australia,"Kellys Plains Rd Armidale Region, New South Wales, 2350 Australia",151.63043,-30.56733,,,
Kangaloon Cemetery,East Kangaloon, New South Wales, Australia,"169 Moresby Hill Rd East Kangaloon, New South Wales, 2576 Australia",150.608418,-34.544494,,,
Katoomba Cemetery,Blue Mountains, New South Wales, Australia,"3 Cemetery Road Blue Mountains, New South Wales, 2780 Australia",150.322795,-33.702778,,,
Kangaloon Uniting Church,Kangaloon, New South Wales, Australia,"LOT 121 Warreeah Ln Kangaloon, New South Wales, 2576 Australia",150.555604,-34.559693,,,
Kembla Grange Pioneer Cemetery,Wollongong, New South Wales, Australia,"23 Reddalls Road Wollongong, New South Wales, 2526 Australia",150.806902,-34.46942,,,
Kelso (Holy Trinity) Anglican Churchyard,Bathurst, New South Wales, Australia,"75 Gilmour Street Bathurst, New South Wales, 2795 Australia",149.60268,-33.41215,,,
Junee,Junee, New South Wales, Australia,"Gundagai Road Junee, Junee Shire Council, New South Wales, 2663 Australia",147.60869762933,-34.879628183957, Junee Shire Council,,
Kadina Cemetery,Alectown, New South Wales, Australia,"LOT 10 Kadina Rd Alectown, New South Wales, 2870 Australia",148.271549,-32.883101,,,
Kameruka Cemetery,Kameruka, New South Wales, Australia,"330 Kemps Ln Kameruka, New South Wales, 2550 Australia",149.70403,-36.745315,,,
Junction Point Cemetery,Crooked Corner, New South Wales, Australia,"2148 Junction Point Rd Crooked Corner, New South Wales, 2583 Australia",149.331217,-34.150929,,,
Karuah Cemetery,Karuah, New South Wales, Australia,"388 Tarean Rd Karuah, New South Wales, 2324 Australia",151.960803,-32.654336,,,
Kangaroo Valley Cemetery,Kangaroo Valley, New South Wales, Australia,"1673 Moss Vale Rd Kangaroo Valley, New South Wales, 2577 Australia",150.55252,-34.742928,,,
Kangaroo Valley (Good Shepherd) Churchyard,Kangaroo Valley, New South Wales, Australia,"127-167 State Route 79 Kangaroo Valley, New South Wales, 2577 Australia",150.53202,-34.7355,,,
Johnson Cemetery,Newcastle, New South Wales, Australia,"14a Taylor Avenue Newcastle, New South Wales, 2278 Australia",151.586215,-32.925306,,,
John McLeans grave,Culcairn, New South Wales, Australia,"LOT 101 Culcairn-Holbrook Rd Culcairn, New South Wales, 2660 Australia",147.070254,-35.660425,,,
Jugiong Cemetery,Jugiong, New South Wales, Australia,"LOT 193 McMahons Reef Rd Jugiong, New South Wales, 2726 Australia",148.365211,-34.812393,,,
Joadja Cemetery,Joadja, New South Wales, Australia,"LOT 8 Joadja Rd Joadja, New South Wales, 2575 Australia",150.218812,-34.409982,,,
Johns River Cemetery,Johns River, New South Wales, Australia,"Stewarts Rd Johns River, New South Wales, 2443 Australia",152.709703,-31.750175,,,
Jingellic Cemetery,Jingellic, New South Wales, Australia,"LOT 20 River Rd Jingellic, New South Wales, 2642 Australia",147.657494,-35.939552,,,
Jindera - Saint John Lutheran Cemetery,Jindera, New South Wales, Australia,"1 Luther Road Jindera, New South Wales, 2642 Australia",146.87246,-35.95403,,,
Jugiong Roman Catholic Cemetery,Jugiong, New South Wales, Australia,"122 Riverside Drive Jugiong, Harden Shire Council, New South Wales, 2726 Australia",148.34697054366,-34.822152961976, Harden Shire Council,,
Jewish Cemetery in Sydney,Sydney, New South Wales, Australia,"Belah Avenue Sydney, Woollahra Municipal Council, New South Wales, 2030 Australia",151.28511845079,-33.849113249169, Woollahra Municipal Council,,
Jindabyne Cemetery ,Jindabyne, New South Wales, Australia,"Tinworth Drive Jindabyne, New South Wales Australia",148.605874,-36.433749,,,
Jugiong Cemetery,Jugiong, New South Wales, Australia,"LOT 20 Larmer Street Jugiong, New South Wales, 2726 Australia",148.33992,-34.820168,,,
Junee Lawn Cemetery,Junee, New South Wales, Australia,"LOT 7302 Kahmoo Rd Junee, New South Wales, 2663 Australia",147.609021,-34.879286,,,
Jessmondeen graves,Narrawa, New South Wales, Australia,"LOT 2 Fish River Rd Narrawa, New South Wales, 2583 Australia",149.108886,-34.335413,,,
John Gilbert - lone grave,Binalong, New South Wales, Australia,"1991 Burley Griffin Way Binalong, New South Wales Australia",148.620733,-34.665005,,,
James Richard George grave,Deua, New South Wales, Australia,"Dampier Mountain Fire Trail Deua, New South Wales, 2537 Australia",149.744,-35.953,,,
Jerilderie Cemetery,Jerilderie, New South Wales, Australia,"LOT 31 Conargo Rd Jerilderie, New South Wales, 2716 Australia",145.695233,-35.346968,,,
Jindera - Saint Marys Cemetery,Jindera, New South Wales, Australia,"128 Pioneer Drive Jindera, New South Wales, 2642 Australia",146.89417,-35.9635,,,
Jerangle Cemetery,Jerangle, New South Wales, Australia,"LOT 100 Jerangle Rd Jerangle, New South Wales, 2630 Australia",149.349816,-35.850044,,,
Jamberoo Uniting Churchyard,Jamberoo, New South Wales, Australia,"11 Wyalla Rd Jamberoo, New South Wales, 2533 Australia",150.77374,-34.64978,,,
Jindera Cemetery,Jindera, New South Wales, Australia,"LOT 1 Hannah Ln Jindera, New South Wales, 2642 Australia",146.898708,-35.943669,,,
Jamberoo Presbyterian Churchyard,Jamberoo, New South Wales, Australia,"2A Allowrie St Jamberoo, New South Wales, 2533 Australia",150.7742,-34.64855,,,
Jamberoo Cemetery,Jamberoo, New South Wales, Australia,"8 Drualla Rd Jamberoo, New South Wales, 2533 Australia",150.770766,-34.643165,,,
Jindabyne Cemetery,Jindabyne, New South Wales, Australia,"LOT 4 Barry Way Jindabyne, New South Wales, 2627 Australia",148.60963,-36.41986,,,
Jindera  - Bethlehem Lutheran Cemetery,Jindera, New South Wales, Australia,"85 Pioneer Drive Jindera, New South Wales, 2642 Australia",146.87687,-35.96102,,,
Jamberoo - Saint George Church of England Church Graveyard,Jamberoo, New South Wales, Australia,"45 Churchill St Jamberoo, New South Wales, 2533 Australia",150.77349,-34.64496,,,
Jamberoo - Saint Mathew Catholic Church Graveyard ,Jamberoo, New South Wales, Australia,"10 Downes Pl Jamberoo, New South Wales, 2533 Australia",150.77061,-34.6459,,,
Jerrys Plains Cemetery,Jerrys Plains, New South Wales, Australia,"LOT 94 Piribil St Jerrys Plains, New South Wales, 2330 Australia 
                         
                    ",150.902168,-32.500152,,https://www.singleton.nsw.gov.au/230/Cemeteries,
Jerrys Plains Old Catholic Cemetery,Jerrys Plains, New South Wales, Australia,"2339 Jerrys Plains Rd Jerrys Plains, New South Wales, 2330 Australia",150.923997,-32.508212,,,
Ironbarks graves,Garema, New South Wales, Australia,"Iron Barks Rd Garema, New South Wales, 2871 Australia",147.906239,-33.629659,,,
Innes Gardens Memorial Park,Port Macquarie, New South Wales, Australia,"1 Philip Charley Drive Port Macquarie, Port Macquarie-Hastings Council, New South Wales, 2444 Australia",152.85958387392,-31.460320875187, Port Macquarie-Hastings Council,,
Jilliby Cemetery,Jilliby, New South Wales, Australia,"Hue Hue Rd Jilliby, New South Wales Australia 
                         
                    ",151.39753,-33.26096,,http://www.wyong.nsw.gov.au/my-community/cemeteries-and-memorial-gardens/,
Ingar Cemetery,Reedy Creek, New South Wales, Australia,"1310 Mirannie Rd Reedy Creek, New South Wales, 2330 Australia",151.333342,-32.479442,,,
Yudnamutana Gorge Cemetery,Arkaroola, South Australia, Australia,"Foot Track N of Arkaroola Village Arkaroola, Pastoral Unincorporated Area, South Australia, 5732 Australia",139.41626,-30.18949, Pastoral Unincorporated Area,,
Yudnappina lone grave,Yudnapinna, South Australia, Australia,"Yudnapinna Road Yudnapinna, Pastoral Unincorporated Area, South Australia, 5715 Australia",137.152188,-32.122261, Pastoral Unincorporated Area,,
Yantanabie Cemetery,Wirrulla, South Australia, Australia,"Eyre Highway Wirrulla, The District Council of Streaky Bay, South Australia, 5661 Australia",134.626306,-32.482151, The District Council of Streaky Bay,,
Yeelanna Cemetery,Yeelanna, South Australia, Australia,"Lot 1 Glover Rd Yeelanna, Musgrave, South Australia, 5632 Australia",135.74483,-34.137534, Musgrave,,
Yatina Cemetery,Yatina, South Australia, Australia,"McKay Road Yatina, The District Council of Orroroo Carrieton, South Australia, 5422 Australia",138.6503,-32.922224, The District Council of Orroroo Carrieton,,
Ivanhoe Cemetery,Ivanhoe, New South Wales, Australia,"Cobar-Ivanhoe Road Ivanhoe, Central Darling Shire Council, New South Wales, 2878 Australia",144.315456,-32.891497, Central Darling Shire Council,,
Ilford grave,Ilford, New South Wales, Australia,"7324-7334 State Route 86 Ilford, New South Wales, 2850 Australia",149.856307,-32.935355,,,
Isabella Cemetery,Isabella, New South Wales, Australia,"LOT 1 Isabella Rd Isabella, New South Wales, 2795 Australia",149.659517,-33.944187,,,
Humula Cemetery,Humula, New South Wales, Australia,"LOT 265 Possum Plain Rd Humula, New South Wales, 2652 Australia",147.789905,-35.469377,,,
Inverell Cemetery *,Inverell, New South Wales, Australia,"LOT 1 McLean Rd Inverell, New South Wales, 2360 Australia",151.124847,-29.756407,,,
Hungerford Cemetery,Hungerford, New South Wales, Australia,"Dowling Track Hungerford, Bourke Shire Council, New South Wales, 2840 Australia",144.418459,-29.013845, Bourke Shire Council,,
Hunters Hill Marist Fathers Cemetery,Sydney, New South Wales, Australia,"2 Mary Street Sydney, New South Wales, 2110 Australia",151.13717,-33.8356,,,
Iluka Cemetery,Iluka, New South Wales, Australia,"1 Sovereign St Iluka, New South Wales, 2466 Australia",153.351459,-29.395954,,,
Yunta Cemetery,Yunta, South Australia, Australia,"Sturt Vale Road Yunta, Pastoral Unincorporated Area, South Australia, 5440 Australia",139.563359,-32.586237, Pastoral Unincorporated Area,,
Howorth grave,Wilberforce, New South Wales, Australia,"49 Macquarie Rd Wilberforce, New South Wales, 2756 Australia",150.844865,-33.555357,,,
Yalata Station cemetery,Fowlers Bay, South Australia, Australia,"Lot 50 Tallala Well Rd Fowlers Bay, Pastoral Unincorporated Area, South Australia, 5690 Australia",132.367711,-31.929245, Pastoral Unincorporated Area,,
Yorketown (Saint Columba's) Catholic Cemetery,Yorketown, South Australia, Australia,"Victoria Street Yorketown, Yorke Peninsula Council, South Australia, 5576 Australia",137.59955,-35.0177, Yorke Peninsula Council,,
Yaninee Cemetery,Yaninee, South Australia, Australia,"Davill Road Yaninee, Wudinna District Council, South Australia, 5653 Australia",135.282876,-32.946539, Wudinna District Council,,
Yongala Cemetery,Yongala, South Australia, Australia,"Lawson Road Yongala, The District Council of Peterborough, South Australia, 5493 Australia",138.736802,-33.030799, The District Council of Peterborough,,
Yalpara Cemetery,Yalpara, South Australia, Australia,"1665 Treehaven Rd off Minburra Rd Yalpara, The District Council of Orroroo Carrieton, South Australia, 5431 Australia",138.844405,-32.490627, The District Council of Orroroo Carrieton,,
Iandra Methodist Rural Youth Centre Cemetery,Greenethorpe, New South Wales, Australia,"LOT 1 Iandra Rd Greenethorpe, New South Wales, 2809 Australia",148.364568,-34.081186,,,
Wynarka Cemetery,Wynarka, South Australia, Australia,"off Karoonda Hwy Wynarka, The District Council of Karoonda East Murray, South Australia, 5306 Australia",139.736921,-35.124164, The District Council of Karoonda East Murray,,
Ilford Cemetery,Ilford, New South Wales, Australia,"Cafes Rd Ilford, New South Wales, 2850 Australia",149.846477,-32.951747,,,
Howes Valley Cemetery,Howes Valley, New South Wales, Australia,"LOT 50 Putty Rd Howes Valley, New South Wales, 2330 Australia",150.835556,-32.843611,,,
Yankalilla Christchurch (Anglican) Graveyard,Yankalilla, South Australia, Australia,"Glebe Avenue Yankalilla, The District Council of Yankalilla, South Australia, 5203 Australia",138.343903,-35.454901, The District Council of Yankalilla,,
Hurstville (Saint George) Anglican Churchyard,Sydney, New South Wales, Australia,"1 The Avenue Sydney, New South Wales, 2220 Australia",151.10802,-33.96702,,,
Howell Cemetery,Howell, New South Wales, Australia,"1365 Howell Rd Howell, New South Wales, 2360 Australia",151.061397,-29.95295,,,
Yankalilla Cemetery,Yankalilla, South Australia, Australia,"Inman Valley Road Yankalilla, The District Council of Yankalilla, South Australia, 5211 Australia",138.35892,-35.47168, The District Council of Yankalilla,,
Hovells Creek - Saint Joseph Catholic Church/Graveyard ,Hovells Creek, New South Wales, Australia,"LOT 2 Frogmore Rd Hovells Creek, New South Wales, 2794 Australia",148.8727,-34.12458,,,
Hope Valley grave,Howes Valley, New South Wales, Australia,"5803-5813 Putty Rd Howes Valley, New South Wales, 2330 Australia",150.828178,-32.862431,,,
Wyacca Cemetery,Yarrah, South Australia, Australia,"Wyacca Road Yarrah, The Flinders Ranges Council, South Australia, 5433 Australia",138.05703,-32.121366, The Flinders Ranges Council,,
Hooke family,Wirragulla, New South Wales, Australia,"Wirragulla, New South Wales, 2420 Australia",151.75070982206,-32.445412937234,,,
Worlds End Creek (Lapford) Cemetery,Worlds End Creek, South Australia, Australia,"Lot 250 Govt Rd off Satchell Rd Worlds End Creek, Burra, South Australia, 5381 Australia",139.071371,-33.805666, Burra,,
"Holy Trinity, Norton, ",Norton, New South Wales, Australia,"Norton, Balranald Shire Council, New South Wales, 2715 Australia",143.23930388605,-33.457687096575, Balranald Shire Council,,
Yacka Cemetery,Yacka, South Australia, Australia,"38 Pipeline Rd Yacka, Stanley, South Australia, 5470 Australia",138.45137,-33.58126, Stanley,,
Howlong Cemetery,Howlong, New South Wales, Australia,"LOT 264 Ashford Road Howlong, New South Wales, 2643 Australia",146.648509,-35.995944,,,
Woodville North Al-Khalil Mosque Cemetery,Adelaide, South Australia, Australia,"34 Audley Street Adelaide, Adelaide, South Australia, 5012 Australia",138.53794,-34.86585, Adelaide,,
Woodside (Saint Mark) Anglican Churchyard,Woodside, South Australia, Australia,"88 Onkaparinga Valley Rd Woodside, Adelaide, South Australia, 5244 Australia",138.87761,-34.94905, Adelaide,,
Wudinna Cemetery,Wudinna, South Australia, Australia,"Naylor Terrace Wudinna, Wudinna District Council, South Australia, 5652 Australia",135.467896,-33.045835, Wudinna District Council,,
Hoskinstown - Saints Peter and Paul Catholic Church graveyard,Hoskinstown, New South Wales, Australia,"1786 Hoskinstown Rd Hoskinstown, New South Wales, 2621 Australia",149.45344,-35.42295,,,
Woodside (Methodist) Churchyard,Woodside, South Australia, Australia,"33 Nairne Rd Woodside, Adelaide, South Australia, 5244 Australia",138.87919,-34.95564, Adelaide,,
Woodchester Cemetery,Langhorne Creek, South Australia, Australia,"Meechi Road Langhorne Creek, Alexandrina Council, South Australia, 5255 Australia",138.968664,-35.21453, Alexandrina Council,,
Hogbin Drive Crematorium & Memorial Gardens,Coffs Harbour, New South Wales, Australia,"Stadium Drive Coffs Harbour, New South Wales, 2450 Australia",153.09493314151,-30.325287794866,,,
Hopefield Cemetery,Hopefield, New South Wales, Australia,"LOT 7308 Hopefield Rd Hopefield, New South Wales, 2646 Australia",146.43887,-35.878653,,,
Hobbys Yards Cemetery,Hobbys Yards, New South Wales, Australia,"1176 Three Brothers Rd Hobbys Yards, New South Wales, 2795 Australia",149.327073,-33.676354,,,
Woomera (Phillips Ponds) Cemetery,Roxby Downs, South Australia, Australia,"Olympic Dam Highway Roxby Downs, Municipal Council of Roxby Downs, South Australia, 5725 Australia",136.84040324371,-31.173886370474, Municipal Council of Roxby Downs,,
Woolshed Flat (Wesleyan) Churchyard,Woolshed Flat, South Australia, Australia,"418 Woolshed Flat Rd Woolshed Flat, Gawler, South Australia, 5412 Australia",138.65755,-34.12205, Gawler,,
Woomera Cemetery,Woomera, South Australia, Australia,"Olympic Dam Highway Woomera, Municipal Council of Roxby Downs, South Australia, 5720 Australia",136.83341469704,-31.183078198061, Municipal Council of Roxby Downs,,
Freshwater Creek Cemetery,Freshwater Creek, Victoria, Australia,"905 Anglesea Rd Freshwater Creek, Victoria, 3216 Australia",144.270653,-38.277257,,,
Wonoka Old Station Cemetery (also known as Hookina - new),Hawker, South Australia, Australia,"The Old Ghan Railway (Narrow Guage) Hawker, The Flinders Ranges Council, South Australia, 5434 Australia",138.339695871025,-31.7434146367315, The Flinders Ranges Council,,
Wirrulla Cemetery,Wirrulla, South Australia, Australia,"Eyre Hwy Wirrulla, The District Council of Streaky Bay, South Australia, 5661 Australia",134.531958,-32.4141, The District Council of Streaky Bay,,
Holbrook - St Clare's Convent,Holbrook, New South Wales, Australia,"145 Albury Street Holbrook, New South Wales Australia",147.317504,-35.71878,,,
Hobbys Yards (Uniting) Churchyard,Hobbys Yards, New South Wales, Australia,"Barry Rd Hobbys Yards, New South Wales, 2795 Australia",149.32718,-33.69398,,,
Hinton Pioneer Cemetery,Hinton, New South Wales, Australia,"289 Hinton Rd Hinton, New South Wales, 2321 Australia",151.653392,-32.717364,,,
Holbrook Cemetery,Holbrook, New South Wales, Australia,"LOT 1 Bath St Holbrook, New South Wales, 2644 Australia",147.315298,-35.712196,,,
Holey Creek (Moorland) Cemetery,Moorland, New South Wales, Australia,"LOT 104 Pacific Hwy Moorland, New South Wales, 2443 Australia",152.668697,-31.767252,,,
Hinton - Saint John Anglican Cemetery,Hinton, New South Wales, Australia,"35 Elizabeth St Hinton, New South Wales, 2321 Australia",151.65203,-32.71642,,,
Wistow (Zion Hill) Cemetery,Wistow, South Australia, Australia,"Native Avenue Wistow, Mount Barker District Council, South Australia, 5251 Australia",138.87846,-35.11042, Mount Barker District Council,,
hill end Cemetery,Carinda, New South Wales, Australia,"Carinda Cemetery Road Carinda, Walgett Shire Council, New South Wales, 2831 Australia",147.701955,-30.475159, Walgett Shire Council,,
High Range Cemetery,High Range, New South Wales, Australia,"LOT 27 Wombeyan Caves Rd High Range, New South Wales, 2575 Australia",150.298104,-34.374796,,,
Hillston Cemetery,Hillston, New South Wales, Australia,"10872 Kidman Way Hillston, Carrathool Shire Council, New South Wales, 2675 Australia",145.530829,-33.499793, Carrathool Shire Council,,
Wilson Cemetery,Kanyaka, South Australia, Australia,"Wilson - Cradock Road Kanyaka, The Flinders Ranges Council, South Australia, 5434 Australia",138.368991,-31.99848, The Flinders Ranges Council,,
Wirrabara Cemetery,Wirrabara, South Australia, Australia,"19009 Horrocks Hwy Wirrabara, Frome, South Australia, 5481 Australia",138.272298,-33.043499, Frome,,
Winulta (Saint Peter) Anglican Churchyard,Clinton, South Australia, Australia,"Clinton Road Clinton, Yorke Peninsula Council, South Australia, 5570 Australia",137.86905,-34.27794, Yorke Peninsula Council,,
High Range - Saint Thomas Anglican Church Graveyard ,High Range, New South Wales, Australia,"LOT 27 Wombeyan Caves Rd High Range, New South Wales Australia",150.29791,-34.37472,,,
Hickeys Creek Cemetery,Hickeys Creek, New South Wales, Australia,"137 Toms Gully Rd Hickeys Creek, New South Wales, 2440 Australia",152.600612,-30.869556,,,
Wirrabara Forest Cemetery,Wirrabara, South Australia, Australia,"911 Forest Rd off Charcoal Rd Wirrabara, Frome, South Australia, 5481 Australia",138.224716,-33.094498, Frome,,
Wilmington Catholic Cemetery,Wilmington, South Australia, Australia,"Catholic Cemetery Rd Wilmington, Frome, South Australia, 5485 Australia",138.103531,-32.639572, Frome,,
Hillgrove Cemetery,Hillgrove, New South Wales, Australia,"LOT 7304 Hillgrove Cemetery Rd Hillgrove, New South Wales, 2350 Australia",151.904719,-30.554907,,,
Hermidale Cemetery,Hermidale, New South Wales, Australia,"Yarrandale Road Hermidale, Bogan Shire Council, New South Wales, 2831 Australia",146.736067,-31.532073, Bogan Shire Council,,
Herons Creek Cemetery,Herons Creek, New South Wales, Australia,"417 Herons Creek Rd Herons Creek, New South Wales, 2443 Australia",152.725432,-31.591879,,,
Wilmington Cemetery,Wilmington, South Australia, Australia,"192 Alligator Gorge Rd Wilmington, Frome, South Australia, 5485 Australia",138.095141,-32.674432, Frome,,
Willunga Uniting Cemetery,Willunga, South Australia, Australia,"188 St Andrews Terrace Willunga, City of Onkaparinga, South Australia, 5172 Australia",138.554839,-35.276051, City of Onkaparinga,,
Willunga Church of England Cemetery,Willunga, South Australia, Australia,"91 Chapel Street Willunga, City of Onkaparinga, South Australia, 5172 Australia",138.557203292,-35.27687962083, City of Onkaparinga,,
Hilldale Union Church Columbarium,Dungog Shire Council, New South Wales, Australia,"Hilldale Road Dungog Shire Council, New South Wales, 2420 Australia",151.657042804909,-32.5035388569104,,,
Hill End/Tambaroora Catholic Cemetery,Tambaroora, New South Wales, Australia,"LOT 7018 McMahon St Tambaroora, New South Wales, 2795 Australia",149.413697,-32.997542,,,
Willoughby lone graves,Willoughby, South Australia, Australia,"Lot 638 Cape Willoughby Rd Willoughby, Kangaroo Island Council, South Australia, 5222 Australia",138.09495,-35.8074, Kangaroo Island Council,,
Willowie Bethlehem Lutheran,Booleroo Centre, South Australia, Australia,"298 Duffield Rd Booleroo Centre, Frome, South Australia, 5482 Australia",138.35063,-32.78861, Frome,,
William Creek Old Cemetery,William Creek, South Australia, Australia,"Oodnadatta Track William Creek, Pastoral Unincorporated Area, South Australia, 5723 Australia",136.353301,-28.909166, Pastoral Unincorporated Area,,
Hibbard Cemetery,Port Macquarie, New South Wales, Australia,"LOT 3 Hibbard Dr Port Macquarie, New South Wales, 2444 Australia",152.876612,-31.422421,,,
Hebden (Church of England) Cemetery,Ravensworth, New South Wales, Australia,"691 Hebden Rd Ravensworth, New South Wales, 2330 Australia",151.06444,-32.38778,,,
Helensburgh - Waterfall Garrawarra Cemetery *,Helensburgh, New South Wales, Australia,"Old Illawarra Rd Helensburgh, New South Wales, 2508 Australia 
                         
                    ",150.970505,-34.175836,,http://austcemindex.com/cemetery?cemid=2268 ,
Willunga (Saint Stephen) Anglican Cemetery,Adelaide, South Australia, Australia,"Aldinga Road Adelaide, City of Onkaparinga, South Australia, 5172 Australia",138.54076,-35.27197, City of Onkaparinga,,
Hazelgrove Cemetery,Hazelgrove, New South Wales, Australia,"LOT 201 Hazelgrove Rd Hazelgrove, New South Wales, 2787 Australia",149.893848,-33.662523,,,
Willowie Cemetery,Wilmington, South Australia, Australia,"Willowie Road Wilmington, The District Council of Orroroo Carrieton, South Australia, 5431 Australia 
                         
                    ",138.288569,-32.678817, The District Council of Orroroo Carrieton,https://www.mtr.sa.gov.au/services/cemeteries,
Hazeldell Cemetery,Mt Fairy, New South Wales, Australia,"99 Hazeldell Rd Mt Fairy, New South Wales, 2622 Australia",149.620484,-35.204539,,,
William Creek Cemetery,William Creek, South Australia, Australia,"Old Ghan Railway William Creek, Pastoral Unincorporated Area, South Australia, 5723 Australia",136.338941,-28.907155, Pastoral Unincorporated Area,,
Whyte Yarcowie South Australia,Adelaide, South Australia, Australia,"14 Elinor Terrace Adelaide, City of Burnside, South Australia, 5064 Australia",138.64572104796,-34.961063626103, City of Burnside,,
Willochra Cemetery,Willochra, South Australia, Australia,"Junction Road Willochra, The Flinders Ranges Council, South Australia, 5433 Australia",138.132521,-32.230317, The Flinders Ranges Council,,
Willunga (Saint Joseph) Catholic Churchyard,Willunga, South Australia, Australia,"91 Chapel Street Willunga, City of Onkaparinga, South Australia, 5172 Australia",138.55727,-35.27624, City of Onkaparinga,,
Williamstown Cemetery,Williamstown, South Australia, Australia,"12 Church St Williamstown, Barossa Council , South Australia, 5351 Australia 
                         
                    ",138.885002,-34.671137, Barossa Council ,https://www.barossa.sa.gov.au,
Helensburgh Cemetery,Helensburgh, New South Wales, Australia,"13 Cemetery Rd Helensburgh, New South Wales, 2508 Australia",150.977526,-34.200961,,,
Henty Cemetery,Henty, New South Wales, Australia,"LOT 7015 Grubben Rd Henty, New South Wales, 2658 Australia",147.024362,-35.497342,,,
Whittle Family Cemetery,Emu Bay, South Australia, Australia,"Bates Road Emu Bay, Kangaroo Island Council, South Australia, 5223 Australia",137.505859,-35.594871, Kangaroo Island Council,,
Whyalla Old Cemetery,Whyalla, South Australia, Australia,"Lot 100 Cudmore Terrace Whyalla, South Australia , South Australia, 5600 Australia",137.585165150787,-33.0387312163448, South Australia ,,
Helys Grave,Central Coast, New South Wales, Australia,"557 Pacific Highway Central Coast, New South Wales, 2250 Australia",151.350542,-33.403112,,,
Wellington Cemetery,Wellington East, South Australia, Australia,"Ferry Road Wellington East, Coorong District Council, South Australia, 5259 Australia",139.402121,-35.323987, Coorong District Council,,
Wellington East Cemetery,Tailem Bend, South Australia, Australia,"J W Mcfarlane Road Tailem Bend, Coorong District Council, South Australia, 5260 Australia",139.391677,-35.348986, Coorong District Council,,
Hay War Cemetery,Hay, New South Wales, Australia,"Underwood Road Hay, Hay Shire Council, New South Wales, 2711 Australia",144.863364,-34.512314, Hay Shire Council,,
Whyte Yarcowie Cemetery,Whyte Yarcowie, South Australia, Australia,"1754 Pidgeon Box Rd Whyte Yarcowie, Kimberley, South Australia, 5420 Australia 
                         
                    ",138.893493,-33.238714, Kimberley,http://www.goyder.sa.gov.au/page.aspx?cemeteryId=497&searchString=&u=416&t=cemeterySearch&cemeterySearchMode=results,
Waukaringa Cemetery,Melton Station, South Australia, Australia,"Melton Road Melton Station, Pastoral Unincorporated Area, South Australia, 5440 Australia",139.421971,-32.297056, Pastoral Unincorporated Area,,
Whyalla Cemetery,Whyalla, South Australia, Australia,"Lot 76 Broadbent Terrace Whyalla, South Australia , South Australia, 5600 Australia 
                         
                    ",137.566747,-33.039997, South Australia ,http://www.whyalla.sa.gov.au/page.aspx?u=809,
White Hut Gaelic Cemetery,Stanley Flat, South Australia, Australia,"188 Gaelic Cemetery Rd Stanley Flat, Stanley, South Australia, 5453 Australia",138.606569,-33.791553, Stanley,,
White Hut (Wesleyan Methodist) Churchyard,Stanley Flat, South Australia, Australia,"137 Koorama Rd Stanley Flat, Stanley, South Australia, 5453 Australia",138.6234,-33.79716, Stanley,,
Glen Wills Cemetery,Glen Valley, Victoria, Australia,"4834 Omeo Hwy Glen Valley, Victoria, 3898 Australia",147.489406,-36.861691,,,
Willaston Cemetery,Gawler, South Australia, Australia,"43 Chamberlain Road Gawler, Gawler, South Australia, 5118 Australia",138.74193,-34.57804, Gawler,,
Whitwarta Cemetery,Whitwarta, South Australia, Australia,"967 Golf Course Rd (Cnr Rifle Range Rd) Whitwarta, Stanley, South Australia, 5461 Australia",138.35475,-34.09918, Stanley,,
West Tce Cemetery ,Adelaide, South Australia, Australia,"Currie Street Adelaide, Adelaide City Council, South Australia, 5000 Australia",138.593631,-34.925069, Adelaide City Council,,
Hay (Old) Cemetery,Hay, New South Wales, Australia,"Hatty Street Hay, Hay Shire Council, New South Wales, 2711 Australia",144.835209,-34.510499, Hay Shire Council,,
Hawkesbury Pioneer Cemetery,Wilberforce, New South Wales, Australia,"496 Wilberforce Rd Wilberforce, New South Wales, 2756 Australia",150.840634,-33.567037,,,
Waukaringa Catholic Cemetery,Yunta, South Australia, Australia,"Tea Tree Road Yunta, Pastoral Unincorporated Area, South Australia, 5440 Australia",139.437,-32.295, Pastoral Unincorporated Area,,
Hartley  - Blackman/Merrick Family Cemetery,Hartley, New South Wales, Australia,"460 Browns Gap Rd Hartley, New South Wales, 2790 Australia",150.184953,-33.512035,,,
West Mitcham Primitive Methodist Cemetery,Adelaide, South Australia, Australia,"272 Belair Road Adelaide, Adelaide, South Australia, 5062 Australia 
                         
                    ",138.611183,-34.985943, Adelaide,http://www.mitchamcouncil.sa.gov.au/webdata/resources/files/West_Mitcham_Church___Cemetery.pdf,
West Terrace Cemetery,Adelaide, South Australia, Australia,"West Terrace, Adelaide Adelaide, Adelaide City Council, South Australia, 5000 Australia 
                         
                    ",138.5857,-34.93439, Adelaide City Council,http://www.aca.sa.gov.au/,
West Tce Cemetery ,Adelaide, South Australia, Australia,"Port Road Adelaide, Adelaide City Council, South Australia, 5000 Australia",138.583355326389,-34.9188338388237, Adelaide City Council,,
Hargraves - Louisa Creek Pioneer Cemetery,Hargraves, New South Wales, Australia,"LOT 7041 Price St Hargraves, New South Wales, 2850 Australia 
                         
                    ",149.453986,-32.777873,,http://austcemindex.com/cemetery?cemid=52,
Watervale Cemetery,Watervale, South Australia, Australia,"Cemetery Rd Watervale, South Australia, 5452 Australia",138.65499,-33.967813,,,
Waterloo Primitive Methodist Cemetery,Waterloo, South Australia, Australia,"19 Quinns Gap Road Waterloo, Light, South Australia, 5413 Australia",138.880925,-33.988907, Light,,
Hay Cemetery,Hay, New South Wales, Australia,"Cemetery Road Hay, Hay Shire Council, New South Wales, 2711 Australia",144.864543,-34.512232, Hay Shire Council,,
Hamilton graves,Lionsville, New South Wales, Australia,"LOT 29 Lionsville Rd Lionsville, New South Wales, 2460 Australia",152.55741,-29.2165,,,
Haning graves,Bendemeer, New South Wales, Australia,"Bendemeer-Watsons Creek Rd Bendemeer, New South Wales, 2355 Australia",151.114896,-30.793996,,,
Hartley Cemetery,Hartley, New South Wales, Australia,"2464-2510 Great Western Hwy Hartley, New South Wales, 2790 Australia",150.193547,-33.556942,,,
Harley Hills Cemetery,Berry, New South Wales, Australia,"290 Beach Rd Berry, New South Wales Australia",150.733281,-34.777134,,,
Hall Family Cemetery,Upper Hunter Shire Council, New South Wales, Australia,"Upper Hunter Shire Council, Upper Hunter Shire Council, New South Wales, 2336 Australia",150.854526,-32.157723, Upper Hunter Shire Council,,
Hawkesbury Municipal Council Lawn Cemetery,Sydney, New South Wales, Australia,"Clarendon Street Sydney, New South Wales, 2753 Australia",150.769223,-33.596533,,,
Half Moon Farm Cemetery,Lower Portland, New South Wales, Australia,"267 Upper Half Moon Rd Lower Portland, New South Wales, 2756 Australia",150.924267,-33.426702,,,
Hanwood  - Bagtown Cemetery,Hanwood, New South Wales, Australia,"LOT 1 Pedley Rd Hanwood, New South Wales, 2680 Australia",146.046899,-34.315671,,,
Waterloo Corner Cemetery,Waterloo Corner, South Australia, Australia,"33-63 Huxtable Rd Waterloo Corner, South Australia, 5110 Australia",138.592849,-34.705326,,,
Hargraves Cemetery,Hargraves, New South Wales, Australia,"LOT 100 Hill End Rd Hargraves, New South Wales, 2850 Australia",149.464509,-32.775621,,,
Hanging Rock Cemetery,Hanging Rock, New South Wales, Australia,"Nundle Rd Hanging Rock, New South Wales, 2340 Australia",151.184814,-31.474737,,,
Harden-Murrumburrah Lawn Cemetery,Murrumburrah, New South Wales, Australia,"25 Cemetery Road Murrumburrah, New South Wales, 2587 Australia",148.328278,-34.543594,,,
Harden-Murrumburrah Cemetery,Murrumburrah, New South Wales, Australia,"23 Cemetery Road Murrumburrah, New South Wales, 2587 Australia",148.32823,-34.54225,,,
Hallsville Methodist Cemetery,Hallsville, New South Wales, Australia,"1266 Manilla Road Hallsville, Tamworth Regional Council, New South Wales, 2340 Australia",150.87605872995,-31.003428440479, Tamworth Regional Council,,
Hamilton (Scots Kirk Presbyterian) Church,Newcastle, New South Wales, Australia,"94 Tudor Street Newcastle, New South Wales, 2303 Australia",151.74786,-32.92398,,,
Waranda Station Cemetery,Mudamuckla, South Australia, Australia,"Waranda Road Mudamuckla, The District Council of Ceduna, South Australia, 5680 Australia",133.966881,-32.200093, The District Council of Ceduna,,
Waterloo Pancharpoo (Primitive Methodist) Chapel/graveyard,Steelton, South Australia, Australia,"LOT 603 Panchapoo Rd Steelton, South Australia, 5413 Australia",138.879913,-34.036619,,,
Haberfield (Saint David) Uniting Churchyard,Sydney, New South Wales, Australia,"51-53 Dalhousie Street Sydney, New South Wales, 2045 Australia",151.13782,-33.88248,,,
Walloway (Rye) Cemetery,Walloway, South Australia, Australia,"RM Williams Way Walloway, The District Council of Orroroo Carrieton, South Australia, 5431 Australia",138.574,-32.617, The District Council of Orroroo Carrieton,,
Waterloo (Carlsruhe) (Saint John) Lutheran Churchyard,Waterloo, South Australia, Australia,"LOT 2 Carlsrune Rd Waterloo, South Australia, 5413 Australia",138.87171,-34.01479,,,
Warooka Methodist Cemetery,Warooka, South Australia, Australia,"First Street Warooka, Yorke Peninsula Council, South Australia, 5577 Australia",137.401639,-34.988201, Yorke Peninsula Council,,
Warramboo Cemetery,Warramboo, South Australia, Australia,"Kimba Road Warramboo, Wudinna District Council, South Australia, 5650 Australia",135.605836,-33.244897, Wudinna District Council,,
Warnertown Cemetery,Warnertown, South Australia, Australia,"Lot 386 Farruges Rd (enter from Cemetery Rd) Warnertown, Victoria, South Australia, 5540 Australia",138.10729,-33.22732, Victoria,,
Waitpinga Bible Christian Churchyard,Waitpinga, South Australia, Australia,"Parsons Beach Road Waitpinga, City of Victor Harbor, South Australia, 5211 Australia",138.47979,-35.61465, City of Victor Harbor,,
Warooka General Cemetery,Warooka, South Australia, Australia,"Sturt Bay Road Warooka, Yorke Peninsula Council, South Australia, 5577 Australia",137.401079,-35.005841, Yorke Peninsula Council,,
Warcowie Cemetery,The Flinders Ranges Council, South Australia, Australia,"Warcowie Road The Flinders Ranges Council, The Flinders Ranges Council, South Australia, 5434 Australia",138.646949,-31.774872, The Flinders Ranges Council,,
Ward Belt Primitive Methodist,Ward Belt, South Australia, Australia,"611 Parkers Rd Ward Belt, Gawler, South Australia, 5118 Australia",138.670474,-34.583982, Gawler,,
Guyong East Cemetery,Guyong, New South Wales, Australia,"LOT 12 Mitchell Hwy Guyong, New South Wales, 2798 Australia",149.270017,-33.417642,,,
Wallaroo Cemetery,Wallaroo, South Australia, Australia,"11040 Spencer Hwy Wallaroo, Daly, South Australia, 5556 Australia 
                         
                    ",137.620338,-33.940321, Daly,http://www.coppercoast.sa.gov.au/page.aspx?u=1656,
Wandearah Cemetery,Wandearah West, South Australia, Australia,"Lot 182 Old Broughton Road Wandearah West, Victoria, South Australia, 5523 Australia",137.97515,-33.45822, Victoria,,
Gunyerwaraldi Cemetery,Croppa Creek, New South Wales, Australia,"Gunyerwarildi-Croppa Rd Croppa Creek, New South Wales, 2411 Australia",150.417165,-29.218197,,,
Gunningrah grave,Gunningrah, New South Wales, Australia,"LOT 8 Gunningrah Rd Gunningrah, New South Wales, 2632 Australia",149.148365,-36.76014,,,
Wanbi Cemetery,Wanbi, South Australia, Australia,"Walker Flat Road Wanbi, The District Council of Karoonda East Murray, South Australia, 5310 Australia",140.296797,-34.763366, The District Council of Karoonda East Murray,,
Guntowang Cemetery,Gulgong, New South Wales, Australia,"Goolma Rd Gulgong, New South Wales, 2852 Australia",149.479247,-32.399269,,,
Walkerville Wesleyan Methodist Cemetery,Adelaide, South Australia, Australia,"93 Smith Street Adelaide, Adelaide, South Australia, 5081 Australia 
                         
                    ",138.613108,-34.892235, Adelaide,https://www.walkerville.sa.gov.au/cemeteries,
Walkerville (Saint Andrew) Anglican Churchyard,Adelaide, South Australia, Australia,"22 Fuller Street Adelaide, Adelaide, South Australia, 5081 Australia",138.61569,-34.89151, Adelaide,,
Gwabegar Cemetery,Gwabegar, New South Wales, Australia,"3999 Gwabegar Rd Gwabegar, New South Wales, 2356 Australia",148.985497,-30.607022,,,
Walker Flat Cemetery,Walker Flat, South Australia, Australia,"Walker Flat Mount Pleasant Road Walker Flat, Mid Murray Council, South Australia, 5238 Australia",139.541724,-34.757998, Mid Murray Council,,
Gungal Cemetery,Gungal, New South Wales, Australia,"LOT 4 Flaggs Rd Gungal, New South Wales, 2333 Australia",150.486152,-32.277463,,,
Guyra Cemetery,Guyra, New South Wales, Australia,"3670 New England Hwy Guyra, New South Wales, 2365 Australia",151.67816285947,-30.251576769581,,,
Gundy Historic Cemetery,Gundy, New South Wales, Australia,"Belletree St W Gundy, New South Wales Australia",150.999121,-32.013029,,,
Guyong (Holy Trinity Anglican) Cemetery,Guyong, New South Wales, Australia,"9 Fenton Rd Guyong, New South Wales, 2798 Australia",149.26986,-33.41847,,,
Gundillion Cemetery,Krawarree, New South Wales, Australia,"LOT 7008 Cooma Rd Krawarree, New South Wales, 2622 Australia",149.639622,-35.724751,,,
Gundy Cemetery,Gundy, New South Wales, Australia,"LOT 7001 Merrimuka Rd Gundy, New South Wales, 2337 Australia",151.01341,-32.021121,,,
Gundaroo Cemetery,Gundaroo, New South Wales, Australia,"LOT 8 Judith St Gundaroo, New South Wales, 2620 Australia",149.273468,-35.030959,,,
Gunning Catholic Cemetery,Gunning, New South Wales, Australia,"LOT 190 Collector Rd Gunning, New South Wales, 2581 Australia",149.272805,-34.788114,,,
Gundillion grave,Krawarree, New South Wales, Australia,"LOT 5 Cooma Rd Krawarree, New South Wales, 2622 Australia",149.64021,-35.740646,,,
Gundaroo Catholic Cemetery,Gundaroo, New South Wales, Australia,"3793 Sutton Rd Gundaroo, New South Wales, 2620 Australia",149.254966,-35.040772,,,
Gunnedah Mercy Convent graveyard,Gunnedah, New South Wales, Australia,"LOT 3 Bloomfield St Gunnedah, New South Wales, 2380 Australia",150.26108,-30.98022,,,
Wadnaminga Cemetery,Wadnaminga, South Australia, Australia,"Lot 1119 Wadnaminga Rd Wadnaminga, Pastoral Unincorporated Area, South Australia, 5440 Australia",140.226831,-32.583751, Pastoral Unincorporated Area,,
Gunning General Cemetery,Gunning, New South Wales, Australia,"44 Wombat St Gunning, New South Wales, 2581 Australia",149.274246,-34.781919,,,
Von Rieben Lone Graves,Morgan, South Australia, Australia,"Lot 265 Brenda Park Homestead Morgan, Mid Murray Council, South Australia, 5320 Australia",139.674537,-34.079701, Mid Murray Council,,
Upper Sturt Cemetery,Bridgewater, South Australia, Australia,"261 Sturt Valley Road Bridgewater, Adelaide, South Australia, 5156 Australia",138.680134,-35.024133, Adelaide,,
Verran Cemetery,Verran, South Australia, Australia,"Lot 51 Govt Rd off Pipe Rd Verran, Jervois, South Australia, 5603 Australia",136.311445,-33.858364, Jervois,,
Gunnedah lawn cemetery,Coolah, New South Wales, Australia,"Walker St Coolah, New South Wales, 2843 Australia",149.708204,-31.825739,,,
Gunnedah Cemetery,Gunnedah, New South Wales, Australia,"LOT 1 Hunter St Gunnedah, New South Wales, 2380 Australia",150.2453,-30.98517,,,
Veitch Cemetery,Veitch, South Australia, Australia,"Wormald Road Veitch, The District Council of Loxton Waikerie, South Australia, 5311 Australia",140.512301,-34.665318, The District Council of Loxton Waikerie,,
Union Chapel Houghton,Houghton, South Australia, Australia,"17 Blackhill Road Houghton, Adelaide Hills Council, South Australia, 5131 Australia",138.76357,-34.828245, Adelaide Hills Council,,
Gundy - Saint Matthew Anglican Church Graveyard,Gundy, New South Wales, Australia,"14 Miller St Gundy, New South Wales, 2337 Australia",150.99752,-32.01392,,,
Tumby Bay,Anangu Pitjantjatjara Yankunytjatjara, South Australia, Australia,"Unnamed Road Anangu Pitjantjatjara Yankunytjatjara, Anangu Pitjantjatjara Yankunytjatjara, South Australia, 0872 Australia",133.12617111206,-26.99434065555, Anangu Pitjantjatjara Yankunytjatjara,,
Waikerie (The Bend) Cemetery,Waikerie, South Australia, Australia,"Strangman Road Waikerie, The District Council of Loxton Waikerie, South Australia, 5330 Australia 
                         
                    ",139.985177,-34.189693, The District Council of Loxton Waikerie,http://www.loxtonwaikerie.sa.gov.au/page.aspx?u=2356,
Victor Harbor (Saint Augustine) Anglican Church/Columbarium,Victor Harbor, South Australia, Australia,"Burke Street Victor Harbor, City of Victor Harbor, South Australia, 5211 Australia",138.61891,-35.55518, City of Victor Harbor,,
Yielima Cemetery,Yielima, Victoria, Australia,"322 Orrs Rd Yielima, Victoria, 3638 Australia",145.191971,-35.971005,,,
Tracy Cemetery,Tracy, South Australia, Australia,"Lot 173 Govt Rd off Caroona Rd Tracy, Burra, South Australia, 5417 Australia",139.116268,-33.56072, Burra,,
Yeodene Cemetery,Gerangamete, Victoria, Australia,"2110 Colac-Forrest Road Gerangamete, Victoria, 3243 Australia",143.68399,-38.45453,,,
Upper Bright Zion Church/graveyard,Bright, South Australia, Australia,"LOT 194 Worlds End Hwy Bright, Burra, South Australia, 5381 Australia",139.068493,-33.870257, Burra,,
Yarroweyah Cemetery,Yarroweyah, Victoria, Australia,"LOT 3 Muscara Ct Yarroweyah, Victoria, 3644 Australia",145.556059,-35.923046,,,
Two Wells Cemetery,Two Wells, South Australia, Australia,"41 Old Port Wakefield Rd Two Wells, Gawler, South Australia, 5501 Australia",138.518463,-34.597583, Gawler,,
Tumby Bay Cemetery,Tumby Bay, South Australia, Australia,"12 Airport Rd cnr Lipson Rd Tumby Bay, Flinders, South Australia, 5605 Australia",136.099075,-34.358793, Flinders,,
Victor Harbor Cemetery,Victor Harbor, South Australia, Australia,"Cemetery Road Victor Harbor, City of Victor Harbor, South Australia, 5211 Australia",138.601963,-35.540141, City of Victor Harbor,,
Tungkillo Cemetery,Tungkillo, South Australia, Australia,"Cemetery Road Tungkillo, Mid Murray Council, South Australia, 5236 Australia",139.056138,-34.818567, Mid Murray Council,,
Gunbar Cemetery,Gunbar, New South Wales, Australia,"Gunbar Road Gunbar, Carrathool Shire Council, New South Wales, 2711 Australia",145.407888,-34.014524, Carrathool Shire Council,,
Truro Cemetery,Truro, South Australia, Australia,"Cemetery Road Truro, Mid Murray Council, South Australia, 5356 Australia",139.132547,-34.408339, Mid Murray Council,,
Undalya (Saint Patrick) Catholic Cemetery,Undalya, South Australia, Australia,"37 Cemetery Rd Undalya, Stanley, South Australia, 5451 Australia",138.69312,-34.07555, Stanley,,
Gullen Cemetery,Pejar, New South Wales, Australia,"148 Church Ln Pejar, New South Wales, 2583 Australia",149.4822,-34.558892,,,
Yarrock Cemetery,Kaniva, Victoria, Australia,"Deckets Swamp Rd Kaniva, Victoria, 3419 Australia",141.205987,-36.286568,,,
Gumbalie (Goombalie) Cemetery,Gumbalie, New South Wales, Australia,"Bourke-Hawker Gate S Gumbalie, Bourke Shire Council, New South Wales, 2840 Australia",145.368562,-29.981367, Bourke Shire Council,,
Yarrayne Cemetery,Serpentine, Victoria, Australia,"314 Weeks Rd Serpentine, Victoria, 3517 Australia",144.00109584786,-36.461666797184,,,
Towitta Cemetery,Towitta, South Australia, Australia,"2858 Three Chain Rd Towitta, Mid Murray Council, South Australia, 5353 Australia",139.245878,-34.525093, Mid Murray Council,,
"Uley Baptist Church Cemetery, Uleybury",Uleybury, South Australia, Australia,"675 Uley Rd Uleybury, Adelaide, South Australia, 5114 Australia",138.75735,-34.69525, Adelaide,,
Yea Cemetery,Yea, Victoria, Australia,"LOT 3 Moyle St Yea, Victoria, 3717 Australia",145.4261,-37.22468,,,
Gundagai South Africa War Memorial,Gundagai, New South Wales, Australia,"Sheridan Street Gundagai, Cootamundra-Gundagai Regional Council, New South Wales, 2722 Australia",148.105688,-35.064586, Cootamundra-Gundagai Regional Council,,
Gum Flat Cemetery,Gum Flat, New South Wales, Australia,"LOT 7008 Copeton Dam Rd Gum Flat, New South Wales, 2360 Australia",150.979857,-29.781645,,,
Gulargambone Cemetery,Gulargambone, New South Wales, Australia,"74 Mendooran St Gulargambone, New South Wales, 2828 Australia",148.478658,-31.343924,,,
Gular Cemetery,Gulargambone, New South Wales, Australia,"Christies Rd Gulargambone, New South Wales, 2828 Australia",148.415465,-31.328272,,,
Grong Grong Old Cemetery,Grong Grong, New South Wales, Australia,"LOT 7301 Windamere Rd Grong Grong, New South Wales, 2652 Australia",146.793821,-34.731843,,,
Grosses Plain - Lone grave,Grosses Plain, New South Wales, Australia,"Barry Fire Trail Grosses Plain, New South Wales, 2642 Australia",148.428381,-36.574575,,,
Griffith General Cemetery,Griffith, New South Wales, Australia,"Corner Wakaden Street and Blumer Avenue Griffith, Griffith City Council, New South Wales, 2680 Australia 
                         
                    ",146.06578812071,-34.285375209876, Griffith City Council,https://www.griffith.nsw.gov.au/cp_themes/default/page.asp?p=DOC-XVE-57-41-13,
Gubbata Cemetery,Kikoira, New South Wales, Australia,"LOT 41 Gubbata-Lake Cargelligo Rd Kikoira, New South Wales, 2669 Australia",146.549013,-33.643496,,,
Grenfell - Bogolong Creek grave,Grenfell, New South Wales, Australia,"23 Henry Lawson Way Grenfell, New South Wales, 2810 Australia",148.089929,-33.846013,,,
Torrens Vale Dairy Flat Bible Christian Cemetery,Inman Valley, South Australia, Australia,"Sampson Hill Road Inman Valley, The District Council of Yankalilla, South Australia, 5211 Australia",138.397375,-35.50712, The District Council of Yankalilla,,
The Peake (ruins) Cemetery,Nilpinna Station, South Australia, Australia,"Old Ghan Railway Nilpinna Station, Pastoral Unincorporated Area, South Australia, 5723 Australia",135.805,-28.052, Pastoral Unincorporated Area,,
Tiparra (Saint Paul) Lutheran Cemetery,Maitland, South Australia, Australia,"Old Boundary Road Maitland, Yorke Peninsula Council, South Australia, 5573 Australia",137.56126,-34.27598, Yorke Peninsula Council,,
Teal Flat Cemetery,Caurnamont, South Australia, Australia,"Hartmans Road Caurnamont, Mid Murray Council, South Australia, 5238 Australia",139.583817,-34.885843, Mid Murray Council,,
Grong Grong New Cemetery,Grong Grong, New South Wales, Australia,"Narran Street Grong Grong, Narrandera Shire Council, New South Wales, 2652 Australia",146.7909320866,-34.733443013714, Narrandera Shire Council,,
Grong Grong New Cemetery,Grong Grong, New South Wales, Australia,"LOT 7005 Lachlan St Grong Grong, New South Wales, 2652 Australia",146.790904,-34.733601,,,
Gulgong Cemetery,Gulgong, New South Wales, Australia,"LOT 7019 Adams Lead Rd Gulgong, New South Wales, 2852 Australia",149.532551,-32.375068,,,
Greta Cemetery,Greta, New South Wales, Australia,"53 Wyndham St Greta, New South Wales, 2334 Australia",151.395614,-32.676878,,,
Gresford - Saint Anne Church of England Churchyard,Gresford - East Gresford, New South Wales, Australia,"35 Church Street Gresford - East Gresford, New South Wales, 2311 Australia",151.53136,-32.42863,,,
Grenfell Cemetery,Grenfell, New South Wales, Australia,"LOT 564 Henry Lawson Way Grenfell, New South Wales, 2810 Australia",148.157673,-33.91872,,,
Tintinara Cemetery,Tintinara, South Australia, Australia,"Tintinara RSL Memorial Walking Trail Tintinara, Coorong District Council, South Australia, 5266 Australia",140.064091,-35.883817, Coorong District Council,,
Templers Wesleyan Churchyard,Templers, South Australia, Australia,"1145 Horrocks Hwy Templers, Light, South Australia, 5371 Australia",138.74672,-34.4698, Light,,
Telfer Road Lone Graves,Hawker, South Australia, Australia,"Telfer Road Hawker, The Flinders Ranges Council, South Australia Australia",138.53306991979,-31.873997426592, The Flinders Ranges Council,,
Torrens Island Quarantine Station,Adelaide, South Australia, Australia,"Grand Trunkway Adelaide, Unincorporated Area Torrens Island, South Australia, 5015 Australia 
                         
                    ",138.523415,-34.775039, Unincorporated Area Torrens Island,http://www.naa.gov.au/collection/fact-sheets/fs228.aspx/n/n,
Tiparra (Saint Paul) Lutheran Cemetery,Arthurton, South Australia, Australia,"Upper Yorke Road Arthurton, Yorke Peninsula Council, South Australia, 5572 Australia",137.84522543481,-34.177330608803, Yorke Peninsula Council,,
Tarcoola Cemetery,Tarcoola, South Australia, Australia,"Lot 490 Ness St Tarcoola, Pastoral Unincorporated Area, South Australia, 5701 Australia",134.565039,-30.70598, Pastoral Unincorporated Area,,
Taunton Cemetery,Taunton, South Australia, Australia,"5 Cemetery Rd cnr Eden Valley Road Taunton, Sturt, South Australia, 5235 Australia",139.08923342097,-34.687235436978, Sturt,,
Terowie Cemetery,Terowie, South Australia, Australia,"Lot 415 Cemetery Rd Terowie, Kimberley, South Australia, 5421 Australia 
                         
                    ",138.927344,-33.141279, Kimberley,http://www.goyder.sa.gov.au/page.aspx?cemeteryId=496&searchString=&u=416&t=cemeterySearch&cemeterySearchMode=results,
Tarcowie Cemetery,Tarcowie, South Australia, Australia,"27 Cemetery Rd Tarcowie, Dalhousie, South Australia, 5431 Australia",138.52839,-32.951895, Dalhousie,,
Tarnma Cemetery,Tarnma, South Australia, Australia,"161 Frederick Rd (Lot 727) Tarnma, Light, South Australia, 5413 Australia",138.953783,-34.146644, Light,,
Tarlee Cemetery,Tarlee, South Australia, Australia,"197 Shannon Creek Rd (Lot 101) Tarlee, Light, South Australia, 5411 Australia 
                         
                    ",138.784803,-34.256302, Light,https://www.claregilbertvalleys.sa.gov.au/page.aspx?cemeteryId=8641&searchString=&u=132&t=cemeterySearch&cemeterySearchMode=results,
Taplan (Saint John) Lutheran Cemetery,Taplan, South Australia, Australia,"Taplan Road Taplan, The District Council of Loxton Waikerie, South Australia, 5311 Australia",140.87144,-34.54557, The District Council of Loxton Waikerie,,
Yarra Bend,Melbourne, Victoria, Australia,"23 Sumner Road Melbourne, Mornington Peninsula Shire, Victoria, 3101 Australia",145.022159851186,-37.7975583765672, Mornington Peninsula Shire,,
Tanunda Tabor Lutheran Old Churchyard,Tanunda, South Australia, Australia,"75 Murray St Tanunda, Light, South Australia, 5232 Australia",138.95877,-34.52539, Light,,
Yarrawonga Cemetery,Yarrawonga, Victoria, Australia,"65 Woods Rd Yarrawonga, Victoria, 3730 Australia",146.01272240741,-36.0246493851118,,,
Yarram New Cemetery,Yarram, Victoria, Australia,"Highland Highway Yarram, Shire of Wellington, Victoria, 3971 Australia",146.704767740967,-38.5439514663411, Shire of Wellington,,
Yarragon Cemetery,Yarragon, Victoria, Australia,"1836 Waterloo Road Yarragon, Baw Baw Shire, Victoria, 3823 Australia",146.0544,-38.20197, Baw Baw Shire,,
Yarra Glen Cemetery,Yarra Glen, Victoria, Australia,"Corner Eltham-Yarra Glen and Glenview Roads Yarra Glen, Victoria, 3775 Australia 
                         
                    ",145.366179,-37.647251,,https://www.gmct.com.au/our-locations/yarra-glen-cemetery,
Yarra Bend Lunatic Asylum Cemetery,Melbourne, Victoria, Australia,"Burnet Trail Melbourne, Victoria, 3078 Australia 
                         
                    ",145.011359,-37.798486,,http://marvmelb.blogspot.com.au/2013/11/the-lost-cemetery.html,
Tanunda Tabor Lutheran Cemetery,Tanunda, South Australia, Australia,"135 Murray St Tanunda, Light, South Australia, 5232 Australia",138.964996,-34.522887, Light,,
Yarck Cemetery,Yarck, Victoria, Australia,"88 Wrights Rd Yarck, Victoria, 3719 Australia",145.62431506645,-37.10135228577,,,
Greengrove - Saint Peter's Cemetery,Greengrove, New South Wales, Australia,"LOT 51 Mangrove Creek Rd Greengrove, New South Wales, 2250 Australia 
                         
                    ",151.14003,-33.3803,,http://austcemindex.com/cemetery?cemid=462,
Yalca North Cemetery,Yalca, Victoria, Australia,"332 Mannions Road Yalca, Victoria, 3637 Australia",145.29573,-35.88781,,,
Yanakie Station Cemetery,Yanakie, Victoria, Australia,"Hellisons Track Yanakie, South Gippsland Shire, Victoria, 3960 Australia",146.242758,-38.85995, South Gippsland Shire,,
Yambuk Cemetery,Yambuk, Victoria, Australia,"Fingerboard Road Yambuk, Moyne Shire, Victoria, 3285 Australia",142.07958937043,-38.313195129573, Moyne Shire,,
Yallourn Cemetery,Newborough, Victoria, Australia,"Haunted Hills Road Newborough, Victoria Australia",146.31281763003,-38.200190592227,,,
Greendale - Saint Mark Church Graveyard,Greendale, New South Wales, Australia,"1120 Greendale Rd Greendale, New South Wales Australia",150.65101,-33.90966,,,
Yabba Cemetery,Tallangatta South, Victoria, Australia,"1453 Yabba Rd Tallangatta South, Victoria, 3701 Australia",147.267555,-36.311901,,,
Yackandandah Cemetery,Yackandandah, Victoria, Australia,"67 Isaacs Ave Yackandandah, Victoria, 3749 Australia 
                         
                    ",146.850987,-36.303494,,http://www.cemetery.yackandandah.com/,
Green Cape - Ly-ee Moon Cemetery,Green Cape, New South Wales, Australia,"Green Cape Rd Green Cape, New South Wales, 2551 Australia",150.047042,-37.257493,,,
Wyelangta Cemetery,Wyelangta, Victoria, Australia,"Beech Forest-Lavers Rd Wyelangta, Victoria, 3237 Australia",143.460411,-38.655521,,,
Wye River Camp,Separation Creek, Victoria, Australia,"Great Ocean Road Separation Creek, Victoria, 3234 Australia",143.9184,-38.60795,,,
Grawin (Morendah-Malabar) Cemetery,Cumborah, New South Wales, Australia,"Wilby Wilby Road Cumborah, Walgett Shire Council, New South Wales, 2832 Australia",147.677185,-29.563291, Walgett Shire Council,,
Yan Yean Cemetery,Yan Yean, Victoria, Australia,"2270 Plenty Rd Yan Yean, Whittlesea City, Victoria, 3755 Australia 
                         
                    ",145.111228,-37.529901, Whittlesea City,www.yanyeancemetery.com.au,
Greenethorpe (Saint James) Anglican Church,Greenethorpe, New South Wales, Australia,"LOT 18 Tyagong Creek Road Greenethorpe, New South Wales, 2809 Australia",148.40445,-33.99525,,,
Greendale Catholic Cemetery,Greendale, New South Wales, Australia,"946-984 Greendale Rd Greendale, New South Wales, 2745 Australia",150.653419,-33.911827,,,
Graves of Susannah and Joseph Fernance,St Albans, New South Wales, Australia,"1787 St Albans Rd St Albans, New South Wales, 2775 Australia",150.978128,-33.299844,,,
Greendale - Sir Thomas Shadforth Memorial,Greendale, New South Wales, Australia,"992-1090 Greendale Rd Greendale, New South Wales Australia",150.649663,-33.908157,,,
Grave of William Daley,Cattai, New South Wales, Australia,"48 Old Post Office Rd Cattai, New South Wales, 2756 Australia",150.925026,-33.549675,,,
Greenway Cemetery,Central Coast, New South Wales, Australia,"448 Avoca Drive Central Coast, New South Wales, 2251 Australia",151.37253,-33.464074,,,
Grave of Rt Rev Monsr Vaughan at Saint Mary,Crookwell, New South Wales, Australia,"55 Wade St Crookwell, New South Wales, 2583 Australia",149.46921,-34.46286,,,
Grafton Lutheran Cemetery,Grafton, New South Wales, Australia,"106 Turf St Grafton, New South Wales, 2460 Australia",152.930989,-29.678901,,,
Graman Cemetery,Graman, New South Wales, Australia,"LOT 7020 Yetman Rd Graman, New South Wales, 2360 Australia",150.946977,-29.488284,,,
Granville Anglican columbarium,Sydney, New South Wales, Australia,"39 Jamieson Street Sydney, New South Wales, 2142 Australia",151.00847595585,-33.83333706212,,,
Gradgery graves,Marthaguy, New South Wales, Australia,"Marthaguy Road Marthaguy, Warren Shire Council, New South Wales, 2824 Australia",147.863057,-31.213063, Warren Shire Council,,
Gounyan Cemetery,Murrumbateman, New South Wales, Australia,"174 Gounyan Rd Murrumbateman, New South Wales, 2582 Australia",149.010254,-34.924751,,,
Gravesend Cemetery,Gravesend, New South Wales, Australia,"LOT 116 Gwydir Hwy Gravesend, New South Wales, 2401 Australia",150.301616,-29.568847,,,
Tantanoola Cemetery,Tantanoola, South Australia, Australia,"223 Kennedy Rd Tantanoola, Grey, South Australia, 5280 Australia",140.473359,-37.680366, Grey,,
Greendale (Uniting) Churchyard,Broadway, New South Wales, Australia,"LOT 58 Carnells Ln Broadway, New South Wales, 2581 Australia",149.14917,-34.71078,,,
Tanunda (Saint John) Lutheran Old Churchyard,Tanunda, South Australia, Australia,"9 Jane Pl Tanunda, Light, South Australia, 5232 Australia",138.95581,-34.52565, Light,,
Graham Family Cemetery,Nowra, New South Wales, Australia,"51 Lyrebird Drive Nowra, Shoalhaven City Council, New South Wales, 2541 Australia",150.60443986012,-34.867267186803, Shoalhaven City Council,,
Sunbury (Methodist) Church Cemetery,Port Moorowie, South Australia, Australia,"Munkowurlie Road Port Moorowie, Yorke Peninsula Council, South Australia, 5576 Australia",137.55622223412,-35.029267794453, Yorke Peninsula Council,,
Grafton Cemetery,Grafton, New South Wales, Australia,"Villiers Street Grafton, New South Wales, 2460 Australia 
                         
                    ",152.948892,-29.677445,,http://www.clarence.nsw.gov.au/cp_themes/metro/csearch.asp,
Tanunda (Langmeil) Lutheran Cemetery,Tanunda, South Australia, Australia,"26 Murray St Tanunda, Light, South Australia, 5232 Australia",138.95516,-34.52659, Light,,
Talia Old Cemetery,Talia, South Australia, Australia,"LOT 16 Flinders Hwy Talia, District Council of Elliston, South Australia, 5670 Australia",134.89215993881,-33.329533615304, District Council of Elliston,,
Tailem Bend Cemetery,Tailem Bend, South Australia, Australia,"Granites Road Tailem Bend, The Rural City of Murray Bridge, South Australia, 5259 Australia",139.457097,-35.233418, The Rural City of Murray Bridge,,
Tanunda (Saint John) Lutheran Cemetery,Tanunda, South Australia, Australia,"Lot 4 Barossa Valley Way Tanunda, Light, South Australia, 5232 Australia",138.95042,-34.53292, Light,,
Talia Cemetery,Talia, South Australia, Australia,"Lot 260 Flinders Hwy cnr Mt Damper Rd Talia, District Council of Elliston, South Australia, 5670 Australia",134.89214028978,-33.329605925662, District Council of Elliston,,
Swan Reach Cemetery,Swan Reach, South Australia, Australia,"Nildottie Road Swan Reach, Mid Murray Council, South Australia, 5354 Australia",139.597386,-34.570411, Mid Murray Council,,
Struan House Lone Graves,Struan, South Australia, Australia,"Struan House Road Struan, Naracoorte Lucindale Council, South Australia, 5271 Australia",140.79313804663,-37.095352, Naracoorte Lucindale Council,,
Summertown Cemetery,Uraidla - Summertown, South Australia, Australia,"1123 Greenhill Road Uraidla - Summertown, Adelaide, South Australia, 5141 Australia",138.736395,-34.957906, Adelaide,,
Wunghnu Cemetery,Wunghnu, Victoria, Australia,"6 Warnecke St Wunghnu, Victoria, 3635 Australia",145.425682,-36.160781,,,
Sutherlands Cemetery,Sutherlands, South Australia, Australia,"304 Railway Terrace Sutherlands, Eyre, South Australia, 5374 Australia",139.230057,-34.154207, Eyre,,
Streaky Bay Cemetery,Streaky Bay, South Australia, Australia,"Sceale Bay Road Streaky Bay, The District Council of Streaky Bay, South Australia, 5680 Australia",134.205641,-32.800657, The District Council of Streaky Bay,,
Tableland Lutheran Churchyard,Hansborough, South Australia, Australia,"Lot 107 Tablelands Rd cnr Ben Lommond Rd Hansborough, Light, South Australia, 5356 Australia",139.10826,-34.28996, Light,,
Wychitella/Borung Cemetery,Borung, Victoria, Australia,"Old Boort Rd Borung, Victoria, 3518 Australia",143.692084,-36.297549,,,
Wycheproof Cemetery,Wycheproof, Victoria, Australia,"Glenloth Rd Wycheproof, Victoria, 3527 Australia",143.242612,-36.103572,,,
Wooling Hill Memorial Estate,Macedon, Victoria, Australia,"372 Barringo Road Macedon, Victoria, 3438 Australia 
                         
                    ",144.613788,-37.43079,,www.woolinghillestate.com.au,
Strathalbyn Cemetery,Strathalbyn, South Australia, Australia,"Parker Avenue Strathalbyn, Alexandrina Council, South Australia, 5255 Australia",138.902454,-35.265713, Alexandrina Council,,
Struan House (Robertson Family) Cemetery,Struan, South Australia, Australia,"Riddoch Highway Struan, Naracoorte Lucindale Council, South Australia, 5271 Australia",140.789108,-37.091135, Naracoorte Lucindale Council,,
Woods Point Old Cemetery,Woods Point, Victoria, Australia,"Mansfield-Woods Point Rd Woods Point, Victoria, 3723 Australia",146.256544,-37.572372,,,
Woorndoo Cemetery,Woorndoo, Victoria, Australia,"2312 Mortlake-Ararat Rd Woorndoo, Victoria, 3272 Australia",142.789539,-37.876541,,,
Woorak/Glenlee Cemetery,Nhill, Victoria, Australia,"Woorak Cemetery Rd Nhill, Victoria, 3418 Australia",141.741775,-36.284734,,,
Woods Point Cemetery,Woods Point, Victoria, Australia,"44 Warburton-Woods Point Rd Woods Point, Victoria, 3723 Australia",146.256469,-37.573868,,,
Woods Point (Enoch Point) Cemetery,Enochs Point, Victoria, Australia,"Big River Rd Enochs Point, Victoria, 3723 Australia",146.097371,-37.416051,,,
Woosang Cemetery,Woosang, Victoria, Australia,"Berrimal Rd Woosang, Victoria, 3518 Australia",143.496156,-36.353995,,,
Wonnangatta Station,Wonnangatta, Victoria, Australia,"Wonnangatta Track Wonnangatta, Alpine Shire, Victoria, 3737 Australia",146.789,-37.1331, Alpine Shire,,
Woomelang,Woomelang, Victoria, Australia,"4804 Sunraysia Hwy Woomelang, Victoria, 3485 Australia",142.671347,-35.693524,,,
Wonga Campground Grave,Yaapeet, Victoria, Australia,"Ring Road Yaapeet, Victoria, 3424 Australia",142.057956,-35.583439,,,
Woodside Cemetery,Woodside, Victoria, Australia,"Woodside Cemetery Road Woodside, Wellington Shire, Victoria, 3874 Australia",146.86816340608,-38.492546107215, Wellington Shire,,
Woolsthorpe Cemetery,Woolsthorpe, Victoria, Australia,"LOT 70A Woolsthorpe-Heywood Road Woolsthorpe, Victoria, 3276 Australia",142.424236,-38.185108,,,
Gostwyck Chapel ,Gostwyck, New South Wales, Australia,"1081 Gostwyck Road Gostwyck, Uralla Shire Council, New South Wales, 2358 Australia",151.584604,-30.69555, Uralla Shire Council,,
goulburn mulwaree,Woolgoolga, New South Wales, Australia,"Palmer Road Woolgoolga, New South Wales, 2456 Australia",153.18396458001,-30.101011496274,,,
Goulburn General Cemetery,Goulburn, New South Wales, Australia,"88 Gorman Road Goulburn, Goulburn Mulwaree Council, New South Wales, 2580 Australia",149.757355,-34.732054, Goulburn Mulwaree Council,,
Woodend Cemetery,Woodend, Victoria, Australia,"16 Buckland St Woodend, Victoria, 3442 Australia",144.535103,-37.353528,,,
Wonnangatta Station  graves,Crooked River, Victoria, Australia,"Moroka Junction Track Crooked River, Victoria, 3862 Australia",146.830665,-37.20795,,,
Gosper Family Cemetery,Upper Colo, New South Wales, Australia,"1665 Upper Colo Rd Upper Colo, New South Wales, 2756 Australia",150.717,-33.419,,,
Wonthaggi Cemetery,Wonthaggi, Victoria, Australia,"159 Cameron Street Wonthaggi, Victoria, 3995 Australia",145.58439,-38.62014,,,
Goulburn Old Cemetery,Goulburn, New South Wales, Australia,"Sydney Rd  Goulburn, New South Wales, 2580 Australia 
                         
                    ",149.737816,-34.744469,,http://www.australiancemeteries.com.au/nsw/goulburn/goulburnafold.htm,
Winton Cemetery,Winton, Victoria, Australia,"Winton-Upper Lurg Rd Winton, Victoria, 3673 Australia",146.08899593386,-36.512925523973,,,
Goorangoola Cemetery,Goorangoola, New South Wales, Australia,"421 Goorangoola Creek Rd Goorangoola, New South Wales, 2330 Australia",151.214552,-32.289101,,,
Goulburn - St Mary's Church cemetery,Goulburn, New South Wales, Australia,"Barkers Lane Goulburn, New South Wales Australia",149.7186486,-34.7548346,,,
Goulburn - Saint Saviour's Cemetery,Goulburn, New South Wales, Australia,"LOT 3 Cemetery St Goulburn, New South Wales, 2580 Australia 
                         
                    ",149.74337,-34.74105,,http://austcemindex.com/cemetery?cemid=2371,
Gooloogong Cemetery,Gooloogong, New South Wales, Australia,"LOT 55 Cementry Rd Gooloogong, New South Wales, 2805 Australia",148.413813,-33.616477,,,
Wodonga Cemetery,Wodonga, Victoria, Australia,"190 Sangsters Road, Wodonga, Victoria, 3690 Australia 
                         
                    ",146.869696,-36.113879,,https://wodongacemeterycomau.wordpress.com/,
Goulburn Jewish Cemetery,Goulburn, New South Wales, Australia,"LOT 241 Long St Goulburn, New South Wales, 2580 Australia",149.743355,-34.755195,,,
Goonumbla Cemetery,Goonumbla, New South Wales, Australia,"Bogan Rd Goonumbla, New South Wales, 2870 Australia",148.102441,-32.979221,,,
Goodooga Cemetery,Goodooga, New South Wales, Australia,"Bangate Road Goodooga, Brewarrina Shire Council, New South Wales, 2838 Australia",147.453191,-29.125147, Brewarrina Shire Council,,
Goolomangar Jiggi Cemetery,Jiggi, New South Wales, Australia,"LOT 1 Jiggi Rd Jiggi, New South Wales, 2480 Australia",153.206366,-28.732202,,,
Goulburn Cemetery,Goulburn, New South Wales, Australia,"77 Sydney Rd Goulburn, Goulburn Mulwaree Council, New South Wales, 2580 Australia",149.754921,-34.744107, Goulburn Mulwaree Council,,
Gordon Cemetery,Sydney, New South Wales, Australia,"750-754 Pacific Highway Sydney, New South Wales, 2072 Australia",151.151999,-33.757147,,,
Gosford - Bradys Gully Cemetery,Central Coast, New South Wales, Australia,"18 Range Road Central Coast, New South Wales, 2250 Australia",151.348097,-33.416815,,,
Gore Hill Cemetery,Sydney, New South Wales, Australia,"The Carriageway Sydney, Willoughby City Council, New South Wales, 2065 Australia",151.188636,-33.823118, Willoughby City Council,,
Strangways Springs lone grave,Stuarts Creek, South Australia, Australia,"Old Ghan Railway Stuarts Creek, Pastoral Unincorporated Area, South Australia, 5720 Australia",136.574916,-29.158371, Pastoral Unincorporated Area,,
Strangways Springs Telegraph Station cemetery,Anna Creek, South Australia, Australia,"Oodnadatta Track Anna Creek, Pastoral Unincorporated Area, South Australia, 5723 Australia",136.57,-29.157, Pastoral Unincorporated Area,,
Goombargana Cemetery,Goombargana, New South Wales, Australia,"LOT 7004 Balldale Walbundrie Rd Goombargana, New South Wales, 2646 Australia",146.575246,-35.797841,,,
Stoekel Family Cemetery,Paringa, South Australia, Australia,"Panorama Court Paringa, Renmark Paringa Council, South Australia, 5340 Australia",140.780436,-34.178652, Renmark Paringa Council,,
stirling sa,Concordia, South Australia, Australia,"Kalperri Road Concordia, South Australia, 5118 Australia",138.81355558775,-34.590288821946,,,
Goonellabah Cemetery,Goonellabah, New South Wales, Australia,"663-671 Skyline Rd Goonellabah, New South Wales, 2480 Australia",153.323421,-28.833678,,,
Strathalbyn (Good Shepherd Catholic) Churchyard,Strathalbyn, South Australia, Australia,"Strathmont Drive Strathalbyn, Alexandrina Council, South Australia, 5255 Australia",138.89916,-35.26678, Alexandrina Council,,
St. Agnes Graves,Adelaide, South Australia, Australia,"34 Abercrombie Crescent Adelaide, Adelaide, South Australia, 5097 Australia",138.71153,-34.83712, Adelaide,,
Goolgowi Cemetery,Goolgowi, New South Wales, Australia,"Mid Western Highway Goolgowi, Carrathool Shire Council, New South Wales, 2652 Australia",145.698001,-33.987032, Carrathool Shire Council,,
sterling east adelaide sa,Concordia, South Australia, Australia,"Kalperri Road Concordia, South Australia, 5118 Australia",138.81245588204,-34.589661724331,,,
Stanley Flat Gaelic Cemetery,Stanley Flat, South Australia, Australia,"350 White Hut Rd Stanley Flat, Stanley, South Australia, 5453 Australia",138.62837135582,-33.803990745245, Stanley,,
St george,Magill, South Australia, Australia,"null null Magill, Pastoral Unincorporated Area, South Australia Australia",135,-30, Pastoral Unincorporated Area,,
St Luke's Church Memorial Garden,Adelaide, South Australia, Australia,"25 Smart Road Adelaide, Adelaide, South Australia, 5092 Australia",138.685796,-34.833945, Adelaide,,
Stirling North Garden Cemetery,Port Augusta, South Australia, Australia,"16 Bowman Road Port Augusta, Port Augusta City Council, South Australia, 5710 Australia",137.825081,-32.515409, Port Augusta City Council,,
Stonefield Cemetery,Truro, South Australia, Australia,"Stonefield Road Truro, Mid Murray Council, South Australia, 5356 Australia",139.30232483769,-34.346487763845, Mid Murray Council,,
Stockport Cemetery,Stockport, South Australia, Australia,"89 Watts Terrace (Lot 1285) Stockport, Light, South Australia, 5410 Australia",138.741032,-34.336943, Light,,
Stockwell (Saint Thomas) Lutheran Churchyard,Stockwell, South Australia, Australia,"1 Stockwell Rd cnr Duck Ponds Rd Stockwell, Light, South Australia, 5355 Australia",139.05196,-34.43398, Light,,
Stephenston Lone Grave,Wilmington, South Australia, Australia,"Carling Road Wilmington, The Flinders Ranges Council, South Australia, 5433 Australia",138.205833,-32.391389, The Flinders Ranges Council,,
Willung,Willung, Victoria, Australia,"85 Taylors Road Willung, Wellington Shire, Victoria Australia",146.812259,-38.247484, Wellington Shire,,
Stansbury Cemetery,Stansbury, South Australia, Australia,"Beechcroft Road Stansbury, Yorke Peninsula Council, South Australia, 5582 Australia",137.793354,-34.918767, Yorke Peninsula Council,,
Stirling Cemetery,Bridgewater, South Australia, Australia,"144 Strathalbyn Road Bridgewater, Adelaide, South Australia, 5154 Australia",138.752703,-35.021092, Adelaide,,
Springton Salt Creek Zion Baptist Cemetery,Springton, South Australia, Australia,"2 Koop Creek Rd cnr Cookes Hill Rd Springton, Sturt, South Australia, 5235 Australia",139.127434,-34.722451, Sturt,,
Whorouly Cemetery,Whorouly, Victoria, Australia,"Racecourse Ln Whorouly, Victoria, 3735 Australia",146.573217,-36.531261,,,
St Saviour's Anglican Cemetery,Adelaide, South Australia, Australia,"6 Glebe Road Adelaide, Adelaide, South Australia, 5064 Australia 
                         
                    ",138.64542,-34.96148, Adelaide,http://www.stsavioursgo.net/Cemetery/StSCemetery.html,
Winiam Cemetery,Nhill, Victoria, Australia,"935 Nhill-Harrow Rd Nhill, Victoria, 3418 Australia",141.640213,-36.420695,,,
Winchelsea Cemetery,Winchelsea, Victoria, Australia,"205 McConachy St Winchelsea, Victoria, 3241 Australia 
                         
                    ",144.011257,-38.254004,,http://www.gct.net.au,
Whitefield/Hyem,King Valley, Victoria, Australia,"260 Cemetery Lane King Valley, Wangaratta Rural City, Victoria, 3678 Australia",146.403993,-36.676136, Wangaratta Rural City,,
Willaura Cemetery,Willaura, Victoria, Australia,"2599 Moyston-Willaura Rd Willaura, Victoria, 3379 Australia",142.738323,-37.530012,,,
West Cloven Hills Cemetery,Derrinallum, Victoria, Australia,"809 Kurweeton Rd Derrinallum, Victoria, 3325 Australia",143.138582,-38.050417,,,
Will Will Rook Pioneer Cemetery,Melbourne, Victoria, Australia,"1-3 Maygar Boulevard Melbourne, Victoria, 3047 Australia",144.93813,-37.68636,,,
Willow Grove Cemetery,Willow Grove, Victoria, Australia,"C463 Willow Grove, Victoria, 3825 Australia",146.17526,-38.06948,,,
Wilby/Pelluebla Cemetery,Wilby, Victoria, Australia,"2205 Tungamah-Peechelba Rd Wilby, Victoria, 3728 Australia",146.009723,-36.164601,,,
Whittlesea War Memorial,Whittlesea, Victoria, Australia,"26 Walnut Street Whittlesea, Victoria, 3757 Australia",145.120865,-37.512402,,,
Werribee cemetery ,Melbourne, Victoria, Australia,"1 Legion Lane Melbourne, Devon, Victoria, 3003 Australia",144.9516,-37.8071, Devon,,
Whroo Cemetery,Whroo, Victoria, Australia,"LOT 42A Reedy Lake Rd Whroo, Victoria, 3612 Australia 
                         
                    ",145.0281,-36.652833,,http://www.whroocemeteryinterments.weebly.com,
Wickliffe Cemetery,Wickliffe, Victoria, Australia,"1711 Willaura-Wickliffe Rd Wickliffe, Victoria, 3379 Australia",142.722141,-37.68071,,,
Gongolgon Cemetery,Gongolgon, New South Wales, Australia,"Gongolgon Tarcoon Road Gongolgon, Brewarrina Shire Council, New South Wales, 2839 Australia",146.885705,-30.354157, Brewarrina Shire Council,,
Whoorel/Birregurra Cemetery,Birregurra, Victoria, Australia,"Cemetery Road Birregurra, Victoria, 3242 Australia",143.8077,-38.34789,,,
Williamstown Cemetery,Melbourne, Victoria, Australia,"Champion Road Melbourne, Victoria, 3016 Australia 
                         
                    ",144.878951,-37.853053,,https://www.gmct.com.au/our-locations/williamstown-cemetery,
White Hills Cemetery,Bendigo, Victoria, Australia,"32 St Killian Street Bendigo, Victoria, 3550 Australia",144.29678,-36.72896,,,
Godolphin graveyard,Guyong, New South Wales, Australia,"LOT 721 Byng Rd Guyong, New South Wales, 2798 Australia",149.260207,-33.38567,,,
"Wesley Church, Melbourne",Melbourne, Victoria, Australia,"148 Lonsdale Street Melbourne, Victoria, 3000 Australia",144.96806,-37.81028,,,
gloucester,Gloucester, New South Wales, Australia,"Denison Street Gloucester, New South Wales, 2422 Australia",151.95358002495,-32.008477915583,,,
Goobang Cemetery,Parkes, New South Wales, Australia,"LOT 124 Wellington Rd Parkes, New South Wales, 2870 Australia",148.223752,-33.110029,,,
Werrimull Cemetery,Werrimull, Victoria, Australia,"Werrimull South Road Werrimull, Victoria, 3496 Australia",141.5962,-34.39903,,,
Glenquarry Cemetery,Glenquarry, New South Wales, Australia,"179 Tourist Road Glenquarry, New South Wales, 2576 Australia",150.509275,-34.521796,,,
Glenquarry Anglican Cemetery,Glenquarry, New South Wales, Australia,"LOT 1 Tourist Road Glenquarry, New South Wales, 2576 Australia",150.508431,-34.520887,,,
Werribee Park Pioneer Cemetery,Werribee South, Victoria, Australia,"350   K    Road Werribee South, Victoria Australia",144.668076,-37.936614,,,
Glen William - Saint Thomas Church Graveyard,Glen William, New South Wales, Australia,"LOT 1 Capevale Rd Glen William, New South Wales, 2321 Australia 
                         
                    ",151.80484,-32.52168,,http://austcemindex.com/cemetery?cemid=221,
Gol Gol Cemetery,Buronga, New South Wales, Australia,"97-117 Wood Street Buronga, New South Wales, 2738 Australia",142.215779,-34.177124,,,
Glenthorne Cemetery,Glenthorne, New South Wales, Australia,"30 Gilwarra Ln Glenthorne, New South Wales, 2430 Australia",152.47905786089,-31.933792291569,,,
Glenridding Uniting Church Cemetery,Glenridding, New South Wales, Australia,"LOT 1 Putty Rd Glenridding, New South Wales, 2330 Australia",151.158224,-32.582774,,,
Glenreagh Cemetery,Glenreagh, New South Wales, Australia,"21 Cemetery Rd Glenreagh, New South Wales, 2450 Australia 
                         
                    ",152.97910415344,-30.068360004755,,http://www.clarence.nsw.gov.au/cp_themes/metro/csearch.asp,
Springfield Bible Christian Cemetery,Williamstown, South Australia, Australia,"Lot 347 Fry Rd off Mine Rd Williamstown, Adelaide, South Australia, 5351 Australia",138.933305,-34.691438, Adelaide,,
Glengarry lone graves,Cumborah, New South Wales, Australia,"Wilby Wilby Road Cumborah, Walgett Shire Council, New South Wales, 2832 Australia",147.67719,-29.563138, Walgett Shire Council,,
Glenridding Free Presbyterian Cemetery,Glenridding, New South Wales, Australia,"167-207 Putty Rd Glenridding, New South Wales, 2330 Australia",151.156865,-32.582917,,,
Gloucester Cemetery,Gloucester, New South Wales, Australia,"LOT 7003 Cemetery Rd Gloucester, New South Wales, 2422 Australia",151.964071,-32.027051,,,
Southend Cemetery,Southend, South Australia, Australia,"Lot 458 Southend Access Rd Southend, Grey, South Australia, 5280 Australia",140.132802,-37.562714, Grey,,
Glencoe Cemetery,Glencoe, New South Wales, Australia,"LOT 7002 New England Hwy Glencoe, New South Wales, 2365 Australia",151.727455,-29.91019,,,
Glendon Cemetery,Glendon, New South Wales, Australia,"81-111 Glendon Ln Glendon, New South Wales, 2330 Australia",151.278954,-32.586113,,,
South Rhine (Craneford) Baptist ,The Barossa Council, South Australia, Australia,"Basil Roeslers Road The Barossa Council, South Australia, 5235 Australia",139.06436496889,-34.646006418589,,,
Glendon Brook - Saint Paul's Catholic Church Graveyard,Glendon Brook, New South Wales, Australia,"LOT 91 Glendonbrook Rd Glendon Brook, New South Wales, 2330 Australia",151.3753,-32.50929,,,
Glendeuart Cemetery,Moruya, New South Wales, Australia,"LOT 21 Maclean Pl Moruya, New South Wales, 2537 Australia",150.067076,-35.889635,,,
Spalding Gaelic Cemetery,Spalding, South Australia, Australia,"LOT 132 Deep Creek Rd Spalding, Stanley, South Australia, 5454 Australia",138.633767,-33.525783, Stanley,,
Springfield Bible Christian Cemetery,Marrabel, South Australia, Australia,"177 Main Rd 45 ( LOT 1102) Marrabel, Light, South Australia, 5413 Australia",138.87709,-34.12497, Light,,
Spring Farm Wesleyan Methodist Cemetery,Spring Farm, South Australia, Australia,"427 Spring Farm Rd Spring Farm, Stanley, South Australia, 5453 Australia",138.63916,-33.86319, Stanley,,
Glenmore/Peacock Hill Cemetery,Rothbury, New South Wales, Australia,"532 Wine Country Dr Rothbury, New South Wales, 2320 Australia",151.339159,-32.76115,,,
South Rhine Presbyterian Cemetery,Eden Valley, South Australia, Australia,"345 Shearers Rd (Lot 177) Eden Valley, Sturt, South Australia, 5235 Australia 
                         
                    ",139.11971,-34.690295, Sturt,http://southrhinecemetery.com/list-of-graves/,
Sherlock Cemetery,Sherlock, South Australia, Australia,"Tynan Road Sherlock, Coorong District Council, South Australia, 5261 Australia",139.804502,-35.324672, Coorong District Council,,
Shady Grove (Unitarian) Church/graveyard,Littlehampton, South Australia, Australia,"Tadmor Lane Littlehampton, Mount Barker District Council, South Australia, 5250 Australia",138.85187,-35.033062, Mount Barker District Council,,
South Kilkerran Saint John Lutheran Churchyard,South Kilkerran, South Australia, Australia,"Point Pearce Road South Kilkerran, Yorke Peninsula Council, South Australia, 5573 Australia",137.60308,-34.43013, Yorke Peninsula Council,,
Sevenhill (Saint Aloysius) Catholic Church Crypt,Sevenhill, South Australia, Australia,"111 College Rd (Lot 5) Sevenhill, Stanley, South Australia, 5453 Australia",138.63843,-33.88368, Stanley,,
Spalding Cemetery,Spalding, South Australia, Australia,"126 Cemetery Rd Spalding, Stanley, South Australia, 5454 Australia",138.632569,-33.490036, Stanley,,
Smoky Bay Cemetery,Smoky Bay, South Australia, Australia,"Warna Mar Road Smoky Bay, The District Council of Ceduna, South Australia, 5680 Australia",133.941914,-32.373664, The District Council of Ceduna,,
South Hummocks Cemetery,South Hummocks, South Australia, Australia,"968 Gulfview Rd South Hummocks, Daly, South Australia, 5550 Australia",138.138848,-34.033983, Daly,,
Snowtown-Condowie Cemetery,Condowie, South Australia, Australia,"63 Koopinoona Lane Condowie, Stanley, South Australia, 5464 Australia",138.275589,-33.776984, Stanley,,
Skillogalee Zion Bible Christian Cemetery,Auburn, South Australia, Australia,"83 Skilly Chapel Rd Auburn, Stanley, South Australia, 5451 Australia",138.617787,-33.999641, Stanley,,
Siegersdorf Lutheran Cemetery,Tanunda, South Australia, Australia,"10 Seppeltsfield Rd cnr Barossa Valley Hwy Tanunda, Light, South Australia, 5232 Australia",138.984203,-34.497484, Light,,
Smithfield Memorial Park,Evanston South, South Australia, Australia,"Smith Road Evanston South, Adelaide, South Australia, 5116 Australia",138.71449,-34.65797, Adelaide,,
Wehla Cemetery,Wehla, Victoria, Australia,"Logan-Wehla-Rheola Rd Wehla, Victoria, 3518 Australia",143.618774,-36.598923,,,
Sheringa Cemetery,Sheringa, South Australia, Australia,"Flinders Highway Sheringa, District Council of Elliston, South Australia, 5607 Australia",135.239487,-33.862047, District Council of Elliston,,
Wedderburn Old Cemetery,Wedderburn, Victoria, Australia,"7 Newbold St Wedderburn, Victoria, 3518 Australia",143.617643,-36.426819,,,
Sevenhill (Saint Aloysius) Catholic Cemetery,Sevenhill, South Australia, Australia,"73 College Rd (Lot 11) Sevenhill, Stanley, South Australia, 5453 Australia",138.63223,-33.88421, Stanley,,
Welshpool Cemetery,Port Welshpool, Victoria, Australia,"236 Telegraph Rd Port Welshpool, Victoria, 3965 Australia 
                         
                    ",146.475584,-38.683265,,http://www.ozgenonline.com/~jodie_duckworth/welshpool/index.htm,
Werona Cemetery,Werona, Victoria, Australia,"Werona Rd Werona, Victoria, 3364 Australia",144.039554,-37.261815,,,
Welshmans Reef (Old Sandy Creek) Cemetery,Welshmans Reef, Victoria, Australia,"C283 Welshmans Reef, Victoria, 3462 Australia",144.051747,-37.054274,,,
Warrnambool ,Warrnambool 3280, Victoria, Australia,"Otway Rd Warrnambool 3280, Victoria Australia",146.165363,-36.60106,,,
Wedderburn Cemetry,Wedderburn, Victoria, Australia,"Specimen Street Wedderburn, Victoria Australia",143.611411,-36.405485,,,
Wedderburn graves,Wedderburn, Victoria, Australia,"49 Wilson St Wedderburn, Victoria, 3518 Australia",143.609751,-36.415226,,,
Glen Morrison Cemetery,Walcha, New South Wales, Australia,"LOT 7002 Glen Morrison Rd Walcha, New South Wales, 2354 Australia",151.521656,-31.196632,,,
Glen Alice Cemetery,Glen Alice, New South Wales, Australia,"10 Upper Nile Rd Glen Alice, New South Wales, 2849 Australia",150.218,-33.04,,,
Waterloo Cemetery,Waterloo, Victoria, Australia,"Waterloo Rd Waterloo, Victoria, 3373 Australia",143.429798,-37.372384,,,
Weeroona Aboriginal Cemetery,Greenvale, Victoria, Australia,"115 Providence Road Greenvale, Victoria, 3059 Australia",144.86918,-37.648454,,,
Wattle Park Sacred Space,Melbourne, Victoria, Australia,"1049 Riversdale Road Melbourne, Victoria, 3125 Australia",145.10498305069,-37.839278636598,,,
Wedderburn Cemetery,Wedderburn, Victoria, Australia,"LOT 91B Boort-Wedderburn Rd Wedderburn, Victoria, 3518 Australia",143.634992,-36.415116,,,
Werribee Cemetery,Melbourne, Victoria, Australia,"3 Cemetery Road Melbourne, Victoria, 3030 Australia 
                         
                    ",144.675004,-37.892246,,https://www.gmct.com.au/our-locations/werribee-cemetery,
gisborne,Keri Keri, New South Wales, Australia,"Keri Keri, New South Wales, 2711 Australia",143.91617723921,-34.852834819041,,,
Gladesville (Tarban Creek) Asylum Cemetery,Sydney, New South Wales, Australia,"Norton Manning Drive Sydney, New South Wales, 2111 Australia",151.134249,-33.839301,,,
Warracknabeal Cemetery,Warracknabeal, Victoria, Australia,"7 Cemetery Rd Warracknabeal, Victoria, 3393 Australia 
                         
                    ",142.393222,-36.26561,,http://www.warracknabealcemetery.com.au/,
Watchem Cemetery,Watchem, Victoria, Australia,"Ryan Street Watchem, Buloke Shire, Victoria, 3482 Australia",142.86741188892,-36.148548560457, Buloke Shire,,
Waubra Cemetery,Waubra, Victoria, Australia,"LOT 2 Hall St Waubra, Victoria, 3352 Australia",143.633581,-37.358654,,,
Gladesville (Tarban Creek) Asylum Cemetery *,Sydney, New South Wales, Australia,"4 Victoria Road Sydney, New South Wales, 2111 Australia",151.135316,-33.83996,,,
Warragul Cemetery,Warragul, Victoria, Australia,"123 Sutton St Warragul, Victoria, 3820 Australia 
                         
                    ",145.933349,-38.152883,,http://mapping.warragulcemeteries.org.au/mapguide/warragul/public/,
Glen Innes Cemetery,Glen Innes, New South Wales, Australia,"LOT 2 Grafton St Glen Innes, New South Wales, 2370 Australia 
                         
                    ",151.753123,-29.727002,,http://austcemindex.com/?cemetery=glen+innes,
Glebe Cemetery,Maitland, New South Wales, Australia,"9 Mingay Avenue Maitland, New South Wales, 2323 Australia",151.57648805488,-32.757561529469,,,
Gilgunnia Cemetery,Gilgunnia, New South Wales, Australia,"Roto Rd Gilgunnia, Cobar Shire Council, New South Wales, 2835 Australia",146.006326,-32.415653, Cobar Shire Council,,
Gilgai Cemetery,Gilgai, New South Wales, Australia,"15222 Guyra Rd Gilgai, New South Wales, 2360 Australia",151.129571,-29.8737,,,
Gin Gin - Lone grave,Gin Gin, New South Wales, Australia,"LOT 3 Warren Rd Gin Gin, New South Wales, 2823 Australia",148.192187,-31.989249,,,
Warrnambool Cemetery,Warrnambool, Victoria, Australia,"Otway Road Warrnambool, Victoria, 3280 Australia 
                         
                    ",142.509002,-38.391001,,https://warrnamboolcemetery.com.au/,
Gerringong  - Alne Bank lone grave,Gerringong, New South Wales, Australia,"61 Alne Bank Ln Gerringong, New South Wales, 2534 Australia",150.815411,-34.731479,,,
Gerilgambeth graves,Harefield, New South Wales, Australia,"1514 Pattersons Rd Harefield, New South Wales, 2650 Australia",147.557975,-34.964251,,,
Girilambone General Cemetery,Girilambone, New South Wales, Australia,"Okeh Road Girilambone, Bogan Shire Council, New South Wales, 2831 Australia",146.912499,-31.239391, Bogan Shire Council,,
Sellicks Hill (Wesleyan Methodist) Church/graveyard,Adelaide, South Australia, Australia,"Sellicks Beach Road Adelaide, City of Onkaparinga, South Australia, 5174 Australia",138.470592,-35.329029, City of Onkaparinga,,
Gilgandra Cemetery,Gilgandra, New South Wales, Australia,"Castlereagh Hwy Gilgandra, New South Wales, 2827 Australia",148.688321,-31.712579,,,
Seacliff Uniting Church,Adelaide, South Australia, Australia,"5-7 Wheatland Street Adelaide, Adelaide, South Australia, 5049 Australia",138.522973,-35.031759, Adelaide,,
Giants Creek Cemetery,Giants Creek, New South Wales, Australia,"LOT 3 Giants Creek Rd Giants Creek, New South Wales, 2328 Australia",150.548251,-32.324964,,,
Geurie Cemetery,Geurie, New South Wales, Australia,"LOT 270 Mitchell Hwy Geurie, New South Wales, 2831 Australia",148.831916,-32.412574,,,
Schomburgk Holy Trinity Lutheran Cemetery,Maude, South Australia, Australia,"Schomburgk Road Maude, Mid Murray Council, South Australia, 5320 Australia",139.472005,-33.923987, Mid Murray Council,,
Sandleton lone graves,Sedan, South Australia, Australia,"School Bus Road Sedan, Mid Murray Council, South Australia, 5353 Australia",139.339087,-34.483853, Mid Murray Council,,
Gerringong (Saint George) Anglican Churchyard,Gerringong, New South Wales, Australia,"103 Fern St Gerringong, New South Wales, 2534 Australia",150.82714,-34.74566,,,
Gerogery - Saint Peter's Lutheran Church Graveyard,Gerogery, New South Wales, Australia,"LOT 101 Glenellen Rd Gerogery, New South Wales, 2642 Australia",146.94106,-35.85943,,,
Sandleton (Saint Paul) Lutheran Cemetery,Sedan, South Australia, Australia,"Halfway House Road Sedan, Mid Murray Council, South Australia, 5353 Australia",139.35391,-34.45975, Mid Murray Council,,
Seppeltsfield - Seppelt Mausoleum,Seppeltsfield, South Australia, Australia,"610 Seppeltsfield Rd Seppeltsfield, Light, South Australia, 5355 Australia",138.927602,-34.486307, Light,,
Gerringong Cemetery,Gerringong, New South Wales, Australia,"LOT 7302 Percy St Gerringong, New South Wales, 2534 Australia",150.832544,-34.748575,,,
Sedan Lutheran Cemetery,Sedan, South Australia, Australia,"Tamkes Road Sedan, Mid Murray Council, South Australia, 5353 Australia",139.295441,-34.574903, Mid Murray Council,,
Gerogery Cemetery,Gerogery, New South Wales, Australia,"LOT 17 Greenwood Rd Gerogery, New South Wales, 2642 Australia",146.948554,-35.872151,,,
Sandergrove Methodist Church/graveyard,Sandergrove, South Australia, Australia,"Wattle Flat Road Sandergrove, Alexandrina Council, South Australia, 5255 Australia",138.838701,-35.309691, Alexandrina Council,,
Scott Creek Cemetery,Scott Creek, South Australia, Australia,"26 Cemetery Rd Scott Creek, Adelaide, South Australia, 5153 Australia",138.694778,-35.066775, Adelaide,,
Schoenfeld Lutheran Cemetery,Freeling, South Australia, Australia,"Lot 91 Green Rd cnr Muster Rd Freeling, Light, South Australia, 5372 Australia",138.796223,-34.430299, Light,,
"Saint Peter (Anglican) Cathedral/Memorial Garden, Adelaide",Adelaide, South Australia, Australia,"Pennington Terrace Adelaide, Adelaide City Council, South Australia, 5006 Australia",138.59799,-34.91301, Adelaide City Council,,
Salem Peace (Lutheran) Church/graveyard,Salem, South Australia, Australia,"Church Road Salem, Alexandrina Council, South Australia, 5255 Australia",139.024189,-35.154415, Alexandrina Council,,
Sanderston Cemetery,Sanderston, South Australia, Australia,"Hoad Road Sanderston, Mid Murray Council, South Australia, 5237 Australia",139.216542,-34.753319, Mid Murray Council,,
Sandalwood Cemetery,Sandalwood, South Australia, Australia,"Thomas Terrace Sandalwood, The District Council of Karoonda East Murray, South Australia, 5309 Australia",140.125151,-34.934812, The District Council of Karoonda East Murray,,
Warburton West Cemetery,Yarra Junction, Victoria, Australia,"2705 Warburton Highway Yarra Junction, Yarra Ranges Shire, Victoria, 3797 Australia",145.638316,-37.779371, Yarra Ranges Shire,,
Warburton Old Cemetery,Warburton, Victoria, Australia,"520 Old Warburton Rd Warburton, Victoria, 3799 Australia",145.667553,-37.774734,,,
Saltia Cemetery,Stirling North, South Australia, Australia,"Flinders Ranges Way Stirling North, Port Augusta City Council, South Australia, 5710 Australia",137.936349,-32.474458, Port Augusta City Council,,
Salt Lake Cemetery (South of Snowtown),Snowtown, South Australia, Australia,"110 Salt Lake Rd Snowtown, Daly, South Australia, 5520 Australia",138.20171,-33.849401, Daly,,
Salisbury Methodist Cemetery (Hephzibah Primitive),Adelaide, South Australia, Australia,"21 James Street Adelaide, Adelaide, South Australia, 5108 Australia",138.64521,-34.76167, Adelaide,,
Salisbury Memorial Park,Adelaide, South Australia, Australia,"48 York Terrace Adelaide, Adelaide, South Australia, 5108 Australia 
                         
                    ",138.637521,-34.774221, Adelaide,http://www.salisbury.sa.gov.au/Live/Community/Salisbury_Memorial_Park,
Salisbury (Saint Augustine) Catholic Cemetery,Adelaide, South Australia, Australia,"2 Ponton Street Adelaide, Adelaide, South Australia, 5108 Australia",138.65204,-34.76274, Adelaide,,
Salisbury (Saint John the Evangelist) Church of England Churchyard,Adelaide, South Australia, Australia,"6 Church Street Adelaide, Adelaide, South Australia, 5108 Australia",138.64639,-34.76441, Adelaide,,
Wangarabell Cemetery,Wangarabell, Victoria, Australia,"Sarah Allen Track Wangarabell, Victoria, 3891 Australia",149.501,-37.377,,,
"Walwa, Victoria, Australia",Walwa, Victoria, Australia,"8965 Murray River Road Walwa, Towong Shire, Victoria, 3709 Australia",147.72300481796,-35.950365802388, Towong Shire,,
Walwa Cemetery,Walwa, Victoria, Australia,"Sanitary Depot Rd Walwa, Victoria, 3709 Australia",147.714973,-35.950248,,,
Waldau Cemetery,Melbourne, Victoria, Australia,"62-78 Victoria Street Melbourne, Victoria, 3109 Australia",145.145490195107,-37.7777322400868,,,
Wahring Cemetery,Nagambie, Victoria, Australia,"Goulburn Valley Hwy Nagambie, Victoria, 3608 Australia",145.169642,-36.762372,,,
Wangaratta Pioneer Cemetery,Wangaratta, Victoria, Australia,"8-12 Faithfull St Wangaratta, Victoria, 3677 Australia",146.330039,-36.354531,,,
"Warncoort Cemetery, Victoria",Warncoort, Victoria, Australia,"85 Warncoort Cemetery Road Warncoort, Victoria, 3243 Australia",143.72074,-38.31741,,,
"_DELETE_THIS_ - not San Ricardo, Southern Leyte, Philippines",Brisbane, Queensland, Australia,"Philippines Brisbane, Queensland, 4300 Australia",152.89033434516,-27.625371287763,,,
Wangaratta Holy Trinity Cathedral Memorial Gardens,Wangaratta, Victoria, Australia,"11 The Close Wangaratta, Victoria Australia",146.3211,-36.35528,,,
Walpeup Cemetery,Walpeup, Victoria, Australia,"Walpeup Cemetery Rd Walpeup, Victoria, 3507 Australia",142.030375,-35.135077,,,
Waitchie Cemetery,Waitchie, Victoria, Australia,"LOT 18B Waitchie Rd Waitchie, Victoria, 3544 Australia",143.082375,-35.359708,,,
Wangaratta Cemetery,Wangaratta, Victoria, Australia,"233A Tone Rd Wangaratta, Victoria, 3677 Australia 
                         
                    ",146.291113,-36.372428,,http://www.wangaratta.vic.gov.au/visiting/cemetery/,
Walkerville Cemetery,Walkerville North, Victoria, Australia,"108 Bayside Drive Walkerville North, South Gippsland Shire, Victoria, 3956 Australia",145.995506,-38.85673, South Gippsland Shire,,
Wahgunyah War Memorial,Wahgunyah, Victoria, Australia,"2 Mill Street Wahgunyah, Victoria Australia",146.395483,-36.007759,,,
Wallan Cemetery,Wallan, Victoria, Australia,"148 Queen St Wallan, Victoria, 3756 Australia",144.989039,-37.413272,,,
Walhalla Cemetery,Walhalla, Victoria, Australia,"22 Main St Walhalla, Victoria, 3825 Australia",146.451272,-37.948151,,,
Waanyarra Historic Cemetery,Waanyarra, Victoria, Australia,"Morton's Lane Waanyarra, Victoria, 3551 Australia 
                         
                    ",143.79592,-36.81242,,http://www.waanyarra.com,
Yangan Presbyterian Cemetery,Yangan, Queensland, Australia,"49 King St Yangan, Queensland, 4371 Australia",152.214438,-28.197777,,,
Yangan Cemetery,Yangan, Queensland, Australia,"LOT 1 Yangan Cemetry Rd Yangan, Queensland, 4371 Australia",152.220911,-28.205958,,,
Vaughan Chinese Cemetery,Vaughan, Victoria, Australia,"29 Greville St Vaughan, Victoria, 3451 Australia",144.211408,-37.158976,,,
Yandilla (All Saints) Churchyard,Yandilla, Queensland, Australia,"6942 Gore Hwy Yandilla, Queensland, 4352 Australia",151.35031,-27.82806,,,
Violet Town Cemetery,Violet Town, Victoria, Australia,"Williams Ln Violet Town, Victoria, 3669 Australia",145.708757,-36.649374,,,
Yungaburra Cemetery,Yungaburra, Queensland, Australia,"187 Mulgrave Road Yungaburra, Tablelands Regional, Queensland, 4884 Australia",145.5789193511,-17.258270115297, Tablelands Regional,,
Yuleba Cemetery,Yuleba, Queensland, Australia,"LOT 34 Garden St Yuleba, Queensland, 4427 Australia",149.392374,-26.612911,,,
Wowan Cemetery,Wowan, Queensland, Australia,"LOT 137 Wowan Cemetery Rd Wowan, Queensland, 4702 Australia",150.214649,-23.920604,,,
Yarraman Cemetery,Yarraman, Queensland, Australia,"LOT 1 Yarraman Kooralgin Rd Yarraman, Queensland, 4614 Australia",151.964675,-26.872482,,,
Yeppoon Cemetery,Yeppoon, Queensland, Australia,"48 Cordingley St Yeppoon, Queensland, 4703 Australia",150.742485,-23.137804,,,
Woodhill Cemetery,Woodhill, Queensland, Australia,"45 Hiscock Rd Woodhill, Queensland, 4285 Australia",152.96965,-27.894162,,,
Yandina Cemetery,Yandina, Queensland, Australia,"33 Cordwell Rd Yandina, Queensland, 4561 Australia",152.957453,-26.572062,,,
Yelarbon Cemetery,Yelarbon, Queensland, Australia,"LOT 16 Cunningham Hwy Yelarbon, Queensland, 4388 Australia",150.76284779339,-28.577378639369,,,
Garra Cemetery,Garra, New South Wales, Australia,"LOT 7 Garra Cemetery Rd Garra, New South Wales, 2866 Australia",148.768951,-33.118421,,,
